6   1   -1   210   15   0   0   0   29   4   41   16
6   1   -1   186   19   0   0   0   37   4   47   16
6   1   -1   203   23   0   0   0   26   4   53   16
6   1   -1   193   60   0   0   0   27   4   41   16
0   1   104   0   0   0   0   0   13   2   0   1
4   1   -1   82   1   1   0   0   34   4   1   16
6   1   -1   222   13   3   0   0   27   4   42   16
6   1   3383   22   2   0   0   0   24   4   2   16
0   1   34   0   0   0   0   0   15   2   0   1
6   1   -1   201   14   7   0   0   25   4   43   16
4   1   -1   82   1   1   0   0   28   4   1   16
6   1   -1   238   14   1   0   0   27   4   41   16
6   1   -1   478   41   0   0   0   25   4   67   16
6   1   3383   22   2   0   0   0   16   2   2   16
6   1   -1   176   14   0   0   0   23   4   42   16
6   1   -1   262   13   1   0   0   23   4   41   16
6   1   -1   343   13   3   0   0   37   4   41   16
6   1   -1   260   13   1   0   0   23   4   41   16
