['food', '09:30', '09:40', 36045625, 36044588, 36045451, 36045610, 36044651]
['greenzone', '09:30', '09:40']
['camera', '09:30', '09:40', 36045412, 36045012, 36045366, 36045566, 36045536, 36045622, 36045547, 36042143, 36044808, 36040438, 36043904, 36042809]
['cartoon', '09:30', '09:40', 36044875, 36043597, 36045002, 36040037, 36045208, 36042114, 36044906]
['gallery', '09:30', '09:40', 35954571, 35976814, 36045182, 36043904]
['klaibann', '09:30', '09:40', 36045628, 36043292, 36044588, 36040051, 36045374]
['jatujak', '09:30', '09:40', 36045333, 36045311, 36041304, 36043368]
['chalermkrung', '09:30', '09:40', 36045518, 36044484, 36044968, 36045143, 36044658, 36044515, 36045543, 36044663]
['chalermthai', '09:30', '09:40', 36045229, 36044658, 36045208, 36042114, 36044906, 36043368]
['family', '09:30', '09:40', 36045575, 36044191, 36043243, 36040037, 36045597, 36040051, 36041432, 36042804, 36045572]
['home', '09:30', '09:40', 36042698, 36045497, 36044154, 36045424, 36024955, 36045597, 36043604]
['siliconvalley', '09:30', '09:40', 36045412, 36044875, 36045522, 36044868, 36045574, 36045053, 36043527, 36043899, 36045039, 36044445, 36044974, 36045539, 36045424, 36044279, 36044737, 36045152, 36045484, 36044315]
['beauty', '09:30', '09:40', 36045222, 36041866, 36040672, 36044151, 36045382]
['writer', '09:30', '09:40', 36044670, 36045604, 36045607]
['blueplanet', '09:30', '09:40', 36002819, 35954571, 36045506, 36045017, 35976814, 36044055, 36045620, 36045614, 36044681, 36045430, 33091430, 36045425, 36045130, 36045182, 36045374, 36044904]
['tvshow', '09:30', '09:40', 36044965, 36045166, 36045306, 36044073, 36044936, 36045002, 36044484, 36044870, 36044813, 36045619, 36045193, 36043528, 36041490, 36044677, 36045404, 36036971, 36044505, 36045541]
['bangrak', '09:30', '09:40', 36045575, 36039834, 36043694, 35695786, 36023285, 36045328, 36040349, 36045105, 36044905, 36042303, 36045477, 36026256, 36045521, 36041432, 36017243, 36044371, 35698909, 36045608]
['horoscope', '09:30', '09:40', 36042142, 36045440, 36042739]
['pantip', '09:30', '09:40', 36041538, 36044968, 36044336]
['region', '09:30', '09:40', 36002819, 36045624, 36021805, 36045618, 36045617, 33091430, 36045130, 30546776, 36044446]
['mbk', '09:30', '09:40', 36045556, 35468154, 36045025, 36044035, 36045522, 36045225, 36032288, 36045606, 36043899, 36045039, 36045418, 36044445, 36045084, 36045592, 36045616, 33107725, 36044974, 36045615, 36037996, 36045598, 36044279, 36043211, 36032459, 36045298]
['all', '09:30', '09:40', 36045628, 36043652, 36045555, 36002819, 36045412, 36045265, 36045556, 36043292, 36045627, 35954571, 36045012, 36045285, 36042681, 35468154, 36045458, 36045166, 36045463, 36041538, 36045625, 36045506, 36042698, 36045611, 36045442, 36044832, 36045498, 36045503, 36045520, 36045366, 36045222, 36045386, 36043044, 36045624, 36045575, 36045530, 36045518, 36039834, 36043694, 36045306, 36044073, 36045333, 36041866, 36045475, 36045017, 36045025, 35976814, 36044244, 36044936, 36041356, 36042903, 36044035, 36045623, 35695786, 36044496, 36045348, 36045566, 36044875, 36044049, 36045522, 36045371, 36045536, 36045311, 36040672, 36044191, 36044151, 36045622, 36042142, 36043597, 36044868, 36043467, 36044249, 36045002, 36043154, 36044484, 36044870, 36023285, 36045225, 36032288, 36045229, 36044953, 36043177, 36045574, 36043243, 36044968, 36044588, 36045547, 36044813, 36045606, 36045053, 36044453, 36021805, 36045621, 36045143, 36043911, 36045432, 36045588, 36044055, 36045595, 36043527, 36044432, 36021417, 36045600, 36045620, 36040236, 36045328, 36040037, 36040349, 36044658, 36043899, 36045039, 36045619, 36045502, 36045618, 36045105, 36044515, 36045335, 36045345, 36045418, 36044905, 36045617, 36045208, 36040760, 36045543, 36043282, 36041304, 36045193, 36044445, 36045037, 36045497, 36045084, 36045592, 36045253, 36045616, 36045451, 33107725, 36044974, 36045615, 36044670, 36045496, 36034580, 36044661, 36043528, 36033988, 36045106, 36037996, 35930296, 36045539, 36045614, 36045613, 36045591, 36045612, 36044681, 36044154, 36045546, 36045424, 36041490, 36024955, 36045598, 36045341, 36042143, 36045430, 33091430, 36045460, 36037764, 35794715, 36044344, 36044165, 36043737, 36045610, 36045440, 36042303, 36044279, 36045425, 36045279, 36045597, 36041531, 36045382, 36013546, 36045350, 36045130, 36045477, 36040051, 36038021, 36026256, 36045521, 36042114, 36045532, 36042739, 36043211, 36044737, 36045200, 36041734, 36044677, 36045604, 36045404, 36041432, 36045609, 36044336, 36036971, 36044201, 36017243, 36044808, 36044062, 36040438, 36045182, 33385587, 35813276, 36044505, 36045541, 36043904, 30546776, 36045152, 36045545, 36045374, 36044371, 36045484, 36044771, 36044906, 36044663, 35698909, 36044446, 36032459, 36042804, 36044651, 36044904, 36043407, 36043604, 36042824, 36044315, 36045572, 36045608, 36042809, 36036673, 36044944, 36045607, 36043368, 36044745, 36045298]
['ratchada', '09:30', '09:40', 36045627, 36045285, 36042681, 36045458, 36045463, 36045442, 36045624, 35976814, 36044244, 36044936, 36044249, 36043154, 36045588, 36045502, 36043282, 36045253, 36043737, 36045279, 36041531, 36045532, 30546776, 36044446]
['rajdumnern', '09:30', '09:40', 36044049, 36044453, 36041734]
['isolate', '09:30', '09:40', 36042903, 36043177, 36045609, 36042824, 36036673]
['social', '09:30', '09:40', 36045555, 36045506, 36045575, 36045518, 36041866, 36044035, 35695786, 36044049, 36043243, 36045053, 36045588, 36045617, 36034580, 36045106, 36040051, 36044062, 36044904]
['religious', '09:30', '09:40', 36040236, 36045496, 36033988, 36045430]
['supachalasai', '09:30', '09:40', 36045503, 36043044, 36045530, 36043694, 36045623, 36045621, 36043911, 36045341, 36044344, 36044165, 36045382]
['siam', '09:30', '09:40', 36045575, 36039834, 36043694, 35695786, 36045371, 36044151, 36023285, 36021805, 36040349, 36045618, 36045105, 36045451, 35930296, 36045591, 35794715, 36042303, 36045382, 36045521, 36026256, 36017243, 35813276, 36044371, 36044771, 35698909]
['lumpini', '09:30', '09:40', 36041866, 36045612, 36045382, 36038021, 36043904, 36043368]
['sinthorn', '09:30', '09:40', 36043652, 36045611, 36044832, 36045498, 36045520, 36045386, 36045475, 36041356, 36044496, 36045348, 36043467, 36044953, 36045432, 36045588, 36045595, 36044432, 36045600, 36040236, 36045345, 36045037, 36034580, 36044661, 35930296, 36044154, 36045546, 36045460, 36045350, 33385587, 36043407, 36044944]
['silom', '09:30', '09:40', 36045628, 36045265, 36045506, 36044832, 36045518, 36041356, 36044151, 36044249, 36040236, 36040760, 36045451, 36045106, 36045539, 36045613, 36045425, 36045597, 36013546, 36045200, 36044745]
['wahkor', '09:30', '09:40', 36021417, 36045335, 36037764, 36044737, 36044201, 36044808, 36045545, 36045484, 36044944, 36043368, 36044745]
['library', '09:30', '09:40', 36040672, 36021417, 36045618, 36044670, 36033988, 35794715, 36044201, 36044062, 36045374, 36044771, 36045607]
['art', '09:30', '09:40']
