['food', '22:20', '22:30', 36048144, 36044588, 32129606, 36047728, 36045451, 36043933, 35883314, 36041185, 36044581, 36015372, 36047792, 35528936, 36044319]
['greenzone', '22:20', '22:30', 36037761, 36045593]
['camera', '22:20', '22:30', 36045412, 36046549, 36047336, 36047925, 36043707, 36048094, 36047801]
['cartoon', '22:20', '22:30', 36046588, 36047830, 36044390, 36043597]
['gallery', '22:20', '22:30', 36047925, 36046679]
['klaibann', '22:20', '22:30', 36048148, 36047880, 36045014, 36044588, 33796483, 36047810, 36047252]
['jatujak', '22:20', '22:30', 36046842, 36045333, 36037761, 30357857, 36048131, 36047897, 36044153, 35098658, 36047232]
['chalermkrung', '22:20', '22:30', 36047569, 36047991, 36047840, 36048138, 36047561, 36048136, 36047242, 36047818, 36044443, 36041481, 36048134, 36046962, 36046071, 36047120, 36015372, 36017358, 36047178, 36048062, 36047167]
['chalermthai', '22:20', '22:30', 36048140, 36047027, 36015372, 36044390, 36048004]
['family', '22:20', '22:30', 36048146, 36042416, 36042804, 36041432, 36046189, 36044943, 36048130, 36048104, 36044080, 36047615, 36015372, 36047632]
['home', '22:20', '22:30', 32129606, 36047043, 36048065, 36026707, 36047816, 36038296, 36047650, 36047434]
['siliconvalley', '22:20', '22:30', 36037174, 36047880, 36048014, 36045412, 36048142, 36047914, 36047647, 36048094, 36048128, 35807403, 36048040, 36047269, 36048115, 36047510]
['beauty', '22:20', '22:30', 31978844, 36043959, 36045222, 35269080, 35915437, 36048093, 36047797, 36047571, 36048133, 30789934, 36048047, 36044151, 30815357, 36047839, 36042817, 31418698, 36017358]
['writer', '22:20', '22:30', 36047922, 36047938]
['blueplanet', '22:20', '22:30', 36048148, 36045014, 36021642, 36047453, 35998723, 36048018, 36046925, 36047925, 33796483, 36041185, 36047327, 36047810, 36045060, 36048084, 36046679, 36048113, 36048112]
['tvshow', '22:20', '22:30', 36048147, 36048074, 36047462, 36047885, 36047922, 36047957, 36047884, 36046219, 36048140, 36047845, 36047659, 35887452, 36047435, 35319678, 35280667, 36048114, 32298699, 35989216, 36047120, 36042817, 36047003, 36015372, 36048096, 36044042, 36047195, 36047938, 36047153]
['bangrak', '22:20', '22:30', 36048135, 36047465, 36048082, 36042416, 36041432, 36046868, 36045172, 36048125, 36031582, 36048142, 36047703, 36047603, 36047506, 36047870, 36048052, 36047838, 36048137, 36047248, 36047576, 36047553, 36040610, 36048055, 36043537, 36047620, 36048109, 36047766, 36047581, 36047890, 36048045, 36047836, 36047980, 36047400, 36048037, 36046428, 36048081, 36014076, 36024552, 36047269, 36048118, 36048117, 36045376]
['horoscope', '22:20', '22:30', 36047639, 36047364, 36047832, 36047983, 36047434]
['pantip', '22:20', '22:30', 36047462, 36048139, 36048090, 36047429]
['region', '22:20', '22:30', 36048127, 36047327, 36047897, 36046957]
['mbk', '22:20', '22:30', 36047517, 36048083, 36047802, 36045935, 36047971, 36047164, 36046153, 36047589, 36047183, 36048048, 36047631, 36047647, 36046789, 36048128, 36046694, 36048120, 30150660, 36048116, 36039836]
['all', '22:20', '22:30', 36048148, 31978844, 36043959, 36048147, 36048146, 36048074, 36048135, 35935897, 31303333, 36037174, 36047517, 36047465, 36048088, 36048129, 36047569, 36047462, 36047885, 36046842, 36047922, 36047991, 36048082, 36047639, 36039772, 36047840, 36048083, 36048145, 36047364, 36048138, 36042416, 36047947, 36042804, 36047802, 36045371, 36045333, 36047806, 36041432, 36047880, 36046738, 36045222, 36047561, 36046868, 36047775, 36046486, 36048014, 36047957, 36045412, 36044244, 36037761, 36045172, 36048144, 36048143, 36048125, 36047884, 36031582, 36046189, 36048142, 36045014, 35269080, 36047703, 36045759, 36021642, 36047835, 36047987, 36047835, 36048141, 36045935, 36047453, 36046219, 36048049, 36048140, 36046549, 35998723, 36048018, 36045709, 36047832, 35915437, 36047603, 36047506, 36047845, 36048136, 36044588, 36047870, 36048093, 36047242, 36040771, 36046811, 36048052, 36045633, 36047336, 32129606, 36047728, 36046925, 36047971, 36047838, 36047659, 36044943, 36047164, 36048139, 36046153, 36048137, 36047797, 36047651, 32441601, 36024684, 36047043, 36045698, 35887452, 36047925, 36047027, 36047248, 36047576, 36047553, 36047589, 36047183, 30357857, 36040610, 36047685, 36047322, 36040791, 36048000, 36047142, 36045944, 36045451, 36047435, 35319678, 36043933, 35883314, 33796483, 36048127, 36046848, 36048065, 36047818, 36047914, 36048055, 36047496, 36043537, 36044443, 36041185, 35280667, 36048130, 36047620, 36048048, 36048027, 36026707, 36041648, 35674531, 36048090, 36041481, 36046452, 36048109, 36048134, 36046175, 36035073, 36047940, 36047766, 36048131, 36047327, 36047810, 36047571, 36048132, 36048133, 36047897, 36047626, 36047581, 36046588, 36047604, 36047631, 30789934, 36048114, 36048085, 36048047, 36046962, 36048104, 36048029, 36044151, 36047890, 30815357, 32298699, 36047839, 36043707, 36047354, 36047647, 36044080, 35989216, 36046161, 36046071, 36045948, 36047318, 36048094, 36046789, 36047252, 36047120, 36047615, 36047928, 36042817, 36046009, 36048119, 36048045, 36047836, 36048128, 36047003, 36047830, 36047816, 36047980, 36044581, 36047400, 36048037, 36047895, 36045060, 36038296, 36048084, 31418698, 36015372, 36045593, 36017358, 36047632, 36048087, 36047801, 36046229, 36048096, 36048126, 36047429, 36047792, 36044042, 36041956, 36048124, 36044390, 35528936, 36047650, 35997616, 36047178, 36046428, 36046623, 36048123, 36048062, 36048081, 35807403, 36047195, 36048040, 36048122, 36043597, 36014076, 36048120, 36046694, 36047983, 36045531, 36047637, 36047920, 36024552, 36047938, 36047269, 36046679, 36044153, 36048118, 36047434, 36047777, 30150660, 36046957, 36048117, 35098658, 36048116, 36045376, 36048115, 36046359, 36044283, 36044319, 36046220, 36047671, 36048113, 36047510, 36048004, 36048112, 36047167, 36022860, 36047153, 36039836, 36047817, 36047232, 36048097]
['ratchada', '22:20', '22:30', 36048145, 36044244, 36048143, 36048141, 32441601, 36047043, 36047925, 36048000, 36041648, 36046175, 36046009, 36046229, 36044153, 36046359, 36047817]
['rajdumnern', '22:20', '22:30', 36047806, 36024684, 36045698, 36047496, 36048132, 36048087, 36047671]
['isolate', '22:20', '22:30', 35935897, 36046738, 36047835, 36047987, 36047835, 36045944, 36045948, 36047928, 35997616, 36048122, 36022860]
['social', '22:20', '22:30', 36047465, 36039772, 36048000, 35883314, 36048065, 36047940, 36047581, 36046789, 36047615, 36048119, 36047895, 36047632, 36041956, 36048124, 35528936, 36045531]
['religious', '22:20', '22:30', 36040771, 36046811, 36047728, 36045593, 36048126, 36047983, 36045531, 36044283]
['supachalasai', '22:20', '22:30', 36045759, 36048141, 36045633, 36048027, 36046175, 36035073, 36048047, 36048029, 36047354, 36046161, 36047318, 36047637, 36047777, 36046957, 36046220]
['siam', '22:20', '22:30', 36048135, 36047465, 36048088, 36048082, 36039772, 36045371, 36048125, 36031582, 36048142, 36047603, 36047506, 36047870, 36048052, 36047838, 36048137, 36047797, 36047576, 36047553, 36040791, 36045451, 36048127, 36047620, 35674531, 36048109, 36047890, 36047120, 36047836, 36047980, 36048081, 36014076, 36045531, 36047269, 36048117, 36045376]
['lumpini', '22:20', '22:30', 31978844, 36047703, 36048049, 36047797, 36046848, 30815357, 36047252, 36044581, 36048123]
['sinthorn', '22:20', '22:30', 31303333, 36048129, 36047947, 36047685, 36047322, 36048130, 36046452, 36047327, 36048132, 36047626, 36048085, 36047647, 36047615, 36038296, 36047632, 36046623, 36047920]
['silom', '22:20', '22:30', 31978844, 36037174, 36048129, 36046868, 36045451, 36048132, 36047632, 35098658]
['wahkor', '22:20', '22:30', 36047880, 36047775, 36046486, 36047728, 36047651, 36045698, 36047142, 36046848, 36047604, 36047252, 36048097]
['library', '22:20', '22:30', 36048129, 36047922, 36047775, 36046486, 36045709, 36047651, 35319678, 35674531, 36015372, 36047632, 36048097]
['art', '22:20', '22:30', 31978844]
