['food', '15:30', '15:40', 35098003, 36044788, 36044752, 36038937, 36046033, 36044588, 36045451]
['greenzone', '15:30', '15:40', 36045593]
['camera', '15:30', '15:40', 36045299, 36046448, 36046447, 36045566, 36045412, 36046156, 36046096]
['cartoon', '15:30', '15:40', 36044390, 36046685, 36043046, 36045208, 31343109, 31512724]
['gallery', '15:30', '15:40', 36046414, 36046414, 36045182, 36046594, 36046215, 35954906, 35954571, 36046679]
['klaibann', '15:30', '15:40', 36046215, 36046386, 36046613, 36046033, 36044325, 36044588, 36046315]
['jatujak', '15:30', '15:40', 36045853, 36045333, 36043025, 36043998, 36045311]
['chalermkrung', '15:30', '15:40', 36046264, 36046702, 36046410, 36046643, 36044973, 36046687, 36046312, 36046574, 36002083]
['chalermthai', '15:30', '15:40', 36044390, 36044658, 36046625, 36045208, 31343109, 36046638, 31512724]
['family', '15:30', '15:40', 36036898, 36044080, 36045018, 36044788, 36046303, 36046283, 36041432, 36046245, 36046033, 36044102]
['home', '15:30', '15:40', 36046469, 36042698, 36044208, 36044326, 36044405, 36038818, 36044642, 36046697, 36044833, 36027349, 36029333, 36029677, 36033818, 36045424, 36034575, 36045139, 36035579, 36028943, 36045573, 36045215, 36037811]
['siliconvalley', '15:30', '15:40', 36046570, 36046678, 36046705, 36043046, 36046447, 36044625, 36046580, 36046697, 36045412, 36046424, 36046620, 36046012, 36041611, 36043463, 36046399, 36039594, 36036634, 36046467, 36028943, 36046534]
['beauty', '15:30', '15:40', 36046319, 36044151, 36043959, 31505743, 36044457, 36046670, 36044403, 36045382]
['writer', '15:30', '15:40']
['blueplanet', '15:30', '15:40', 36046360, 35921467, 36046414, 36046414, 36045941, 36045182, 36046215, 36043352, 36046386, 36046303, 36046613, 36030596, 35954906, 36041606, 36046269, 36046683, 35954571, 36045806, 36046397, 36046315, 36046380, 36046679, 36033184]
['tvshow', '15:30', '15:40', 36046555, 36046354, 36046648, 36046619, 36045881, 36046299, 36046686, 36046664, 36046625, 36046238, 36036001, 36046403, 36046627, 36044936, 36044070]
['bangrak', '15:30', '15:40', 36045272, 36046139, 36044582, 36046188, 36042501, 36046314, 36046666, 36042085, 36040610, 36046700, 34329684, 36046511, 36041432, 36046245, 36046692, 36035026, 36046383, 36031755, 36044915]
['horoscope', '15:30', '15:40', 34934783, 33647886, 36046413, 36036872]
['pantip', '15:30', '15:40']
['region', '15:30', '15:40', 36046360, 36046414, 36046414, 36046594, 35954906, 36041606, 36043056, 36045806, 36043563]
['mbk', '15:30', '15:40', 36046690, 36026217, 36046698, 33146303, 36045310, 36045691, 36046416, 36046620, 36046012, 36046694, 36039251, 36046320, 36045258, 36045998, 36046618, 36045070, 35909915]
['all', '15:30', '15:40', 36043101, 36045348, 36046555, 36046586, 36046609, 36036898, 36046690, 36044390, 36045746, 36046354, 36045272, 36026217, 36045772, 36045299, 36046708, 36046360, 35098003, 36046678, 36046703, 36046707, 36046633, 35921467, 36045853, 32531465, 36046684, 36046706, 36046469, 36046705, 36046685, 36042698, 36046698, 36046139, 36044582, 36040619, 36046188, 36046448, 36046646, 36042501, 36045333, 36045167, 36046648, 36046704, 36046264, 36045716, 36042574, 36046702, 36046404, 36045698, 36046062, 36046414, 36046414, 36046262, 36045371, 36046214, 36046384, 36046619, 36046314, 36044151, 36042517, 36046358, 36046689, 36045881, 36045254, 36043959, 31505743, 36045941, 36045182, 36044080, 36044208, 36041956, 36046299, 36043046, 36043962, 36044658, 36046666, 36045018, 36046628, 36045531, 36046447, 36042085, 36044788, 36046594, 36037603, 36044326, 36040610, 36045566, 36044405, 36046021, 33146303, 36038818, 36046449, 36046599, 36045621, 36046701, 36046215, 36046700, 34329684, 36046686, 36046691, 36046699, 36046410, 36045310, 36045691, 36044752, 36044625, 36043352, 36046386, 36044642, 36046580, 36044457, 36042675, 34934783, 36046639, 36046114, 36046629, 36043457, 36044790, 36046511, 36046697, 36045412, 36046317, 36046303, 36046693, 36044833, 36046432, 36045305, 36046695, 36046252, 36046283, 36043025, 36046156, 36046424, 36046613, 36027349, 36046416, 36023484, 36046625, 36046620, 36046671, 36046012, 36046611, 36044745, 36046643, 36045355, 36041432, 36041611, 36046245, 36046694, 36046147, 36030596, 36046466, 36039251, 36046096, 36046238, 36029333, 35954906, 36044863, 36043463, 36046650, 36046399, 36046320, 36046692, 36038937, 36045258, 36043998, 36046033, 36041606, 36036001, 36044283, 36045370, 36035796, 36045593, 36046269, 36029677, 36044325, 36046683, 36035026, 36044811, 36044973, 36039594, 36044105, 36045998, 36046688, 36046083, 36045208, 36046687, 36046649, 36046420, 33647886, 36033818, 36043024, 36036634, 36045424, 36032724, 36043056, 36046312, 36046631, 31343109, 35954571, 36046670, 36044548, 36045806, 36044588, 36034575, 36046638, 36046681, 36045139, 36043563, 36046383, 36046645, 36046680, 36043494, 36045311, 36046467, 36044462, 36044403, 36046403, 36031755, 36046397, 36040771, 36035579, 36046302, 36038974, 36044915, 36046413, 36046315, 36045451, 36046574, 36046380, 36044102, 36046679, 36033184, 36028943, 36046627, 36046534, 36045573, 36045215, 36038797, 31512724, 36036872, 36041223, 36044936, 36046677, 36045644, 36046618, 36044070, 36002083, 36045070, 35909915, 36029479, 36037811, 36046669, 36045382, 36045943]
['ratchada', '15:30', '15:40', 36046360, 36045254, 36037603, 36046599, 36046611, 36046147, 36041606, 36035796, 36044105, 36046649, 36043024, 36046645, 36046302, 36038797, 36044936, 36045644, 36029479]
['rajdumnern', '15:30', '15:40', 36045746, 36046684, 36045698, 36046262, 36046628, 36046650]
['isolate', '15:30', '15:40', 36046703, 36046706, 36045167, 36046699, 36043457, 36023484, 36046688]
['social', '15:30', '15:40', 36046586, 36036898, 36026217, 32531465, 36046448, 36046062, 36046314, 36041956, 36046666, 36046628, 36045531, 34329684, 36045691, 36046386, 36046580, 36046639, 36046252, 36046283, 36046611, 36043463, 36044325, 36036634, 36043056]
['religious', '15:30', '15:40', 36046609, 36046555, 36046062, 36043962, 36045531, 36044283, 36045593, 36046083, 36040771]
['supachalasai', '15:30', '15:40', 36046708, 36046633, 36046704, 36046404, 36045621, 36046114, 36046466, 36044863, 36044105, 36046420, 36032724, 36046645, 36043494, 36041223, 36046669, 36045943]
['siam', '15:30', '15:40', 36036898, 36046707, 36045371, 36045531, 36042085, 34329684, 36046695, 36045355, 36046692, 36045370, 36046383, 36044462, 36031755, 36044915, 36045451, 36044102, 36036872]
['lumpini', '15:30', '15:40', 36046586, 36036898, 32531465, 36040619, 31505743, 36046449, 36044790, 36046317, 36044833, 36046283, 36046033, 36046680, 36044403, 36038974, 36045382]
['sinthorn', '15:30', '15:40', 36045348, 36046448, 36046646, 36046384, 36042517, 36046358, 36046689, 36046021, 36046701, 36046691, 36046629, 36046317, 36046303, 36046693, 36046432, 36046671, 36046631, 36046681, 36046315, 36045573, 36046677]
['silom', '15:30', '15:40', 36043101, 36046586, 36045716, 36046384, 36042517, 36046317, 36046303, 36044745, 36045355, 36044548, 36046681, 36045451]
['wahkor', '15:30', '15:40', 36045772, 36042574, 36045698, 36046214, 36046449, 36042675, 36045305, 36044745, 36044811]
['library', '15:30', '15:40', 36043101, 36046555, 36046707, 36045716, 36046062, 36045305, 31343109, 31512724, 36045644]
['art', '15:30', '15:40']
