['food', '13:20', '13:30', 36045351, 36043933, 36034844, 36046242, 36038937, 36045710, 36044196, 36045714, 36045963, 36042474, 36046255, 36045155, 36045610]
['greenzone', '13:20', '13:30', 36044557]
['camera', '13:20', '13:30', 36046227, 36041924, 36045566]
['cartoon', '13:20', '13:30', 36046047, 36044261, 36046318, 36046105, 36038195]
['gallery', '13:20', '13:30', 36046126, 36043936, 36041924, 36026130, 36044557, 36039197, 36046307]
['klaibann', '13:20', '13:30', 36046315, 36046108, 36046266, 36042349, 36046231, 36043789, 36046267]
['jatujak', '13:20', '13:30', 36045333, 36044153, 36045853, 36045311, 36043176, 36043877, 36045905, 36041572, 36039896, 36045930, 36044605]
['chalermkrung', '13:20', '13:30', 36044968, 36044892, 36042530, 36046015, 36046312, 36045658, 36046056, 36045051, 36045730, 36046068, 36045143]
['chalermthai', '13:20', '13:30', 36043880, 36046308, 36046059, 36038195, 36046193, 36046307]
['family', '13:20', '13:30', 36046245, 36044824, 36041432, 36045830, 36043740, 36046303, 36044191, 36045018, 36042349, 36046105, 36046072, 36046068, 36044773, 31485230, 36043914]
['home', '13:20', '13:30', 33538266, 36046331, 36043828, 36040617, 36035174, 36046324, 36040079, 36033201, 36041268, 36041572, 36042316, 36042354, 36028879, 36042370, 36045901, 36042397, 36045930, 35762008, 36041559, 36042399, 36042482]
['siliconvalley', '13:20', '13:30', 36046286, 36034735, 36046326, 36046233, 36046304, 36046324, 36046154, 36046323, 36046322, 36044312, 36046306, 36046293, 36044092, 36046288, 36045512, 35762008, 36046305, 36045115, 36044868]
['beauty', '13:20', '13:30', 36045950, 36046319, 36046275, 36045834, 36044151, 36046088, 36046242, 36044159, 36046313]
['writer', '13:20', '13:30']
['blueplanet', '13:20', '13:30', 36046315, 36040329, 36009224, 36046327, 36046328, 36039189, 36046126, 36044824, 36043936, 36045700, 36021642, 36046108, 36046266, 36045830, 36046128, 35849075, 36046303, 36041924, 36046231, 36046276, 36039197, 36043495, 36045710, 36044196, 36046072, 36046230, 36042777, 36038089]
['tvshow', '13:20', '13:30', 36046238, 36044936, 36044923, 36039189, 36042530, 36044965, 36045658, 36043890, 36021434, 36022011, 36038811, 36045873, 36043442, 36045166, 36045725, 36043688, 36046120, 36046101, 36045954]
['bangrak', '13:20', '13:30', 36043107, 36046270, 36046329, 36046285, 36046245, 36045511, 36041541, 36046058, 36044792, 36041432, 36045181, 36043740, 36045696, 36045515, 36044834, 36046314, 36046277, 36017243, 36044857, 36046261, 36046309, 36045918, 36034762, 36046198, 36046179]
['horoscope', '13:20', '13:30', 33538266, 36043915, 36046321, 36046267, 36046213, 36046199, 36045632]
['pantip', '13:20', '13:30', 36044968]
['region', '13:20', '13:30', 36045618, 36042274, 36044824, 36043495, 36044196, 36046230, 36039952, 36043056]
['mbk', '13:20', '13:30', 36045084, 36045890, 36046320, 36034735, 35982703, 36044384, 36026130, 36046291, 36046172, 36045224, 36045558, 36046257]
['all', '13:20', '13:30', 36040502, 36045842, 36046238, 36043107, 36045333, 36046315, 36046229, 33538266, 36046142, 36045371, 36046258, 36045789, 36046331, 36046270, 36045211, 36045351, 36046330, 36046286, 36046047, 36044548, 36045950, 36045084, 36046319, 36040329, 36044936, 36046227, 36045618, 36046329, 36022662, 36046048, 36045890, 36046285, 36044923, 36046320, 36009224, 36046275, 36040771, 36046245, 36042902, 36046328, 36046327, 36046280, 36042274, 36043915, 36045511, 36045834, 36046126, 36039189, 36044968, 36044824, 36044261, 36044153, 36041541, 36043936, 36046083, 36043880, 36046058, 36045700, 36044792, 36045853, 36044329, 36021642, 36041432, 36045483, 36043828, 36046163, 36034735, 36034844, 36043933, 36034485, 36046326, 36044151, 36046220, 36046108, 36045037, 36046325, 35982703, 36046233, 36046078, 36044941, 36040617, 36035174, 36046266, 36046304, 36045885, 36044746, 36046324, 36045830, 36045181, 36046088, 36046154, 36046128, 36045904, 36045311, 36046242, 36046323, 35849075, 36043740, 36046322, 36040079, 36044892, 36043176, 36046303, 36033201, 36041924, 36044191, 36043877, 36046263, 36044384, 36045746, 36046265, 36046317, 30059545, 36045696, 36045114, 36041356, 36041496, 36046114, 36046321, 36045916, 36042530, 36041268, 36046278, 36044312, 36042349, 36046015, 36046231, 36045905, 36026130, 36041572, 36046306, 36046214, 36044965, 36038937, 36044784, 36046318, 36046276, 36043789, 36045515, 36044557, 36044159, 36045825, 36045646, 36046293, 36046312, 36046105, 36045955, 36046062, 36039197, 36044834, 36045920, 36043600, 36045658, 36042316, 36046056, 36046161, 36045716, 36046308, 36043890, 36046313, 36045283, 36045051, 36021434, 36043737, 36022011, 36043495, 36046314, 36042354, 36038811, 36046267, 36045710, 36044196, 36045802, 36046072, 36043962, 36046213, 36045730, 36046230, 36046277, 36045065, 36046291, 36046068, 36044092, 36028879, 36042370, 36017243, 36045999, 36045566, 36046172, 36039952, 36046130, 36045873, 36043442, 36045901, 36046311, 36046282, 36046290, 36045621, 36046310, 36046059, 36046288, 36045224, 36044857, 36045531, 36045143, 36046262, 36042397, 36046261, 36045166, 36045634, 36039896, 36046309, 36045911, 36045918, 36034762, 36045702, 36042777, 36045558, 36044652, 36046302, 36045930, 36045512, 36044555, 36045725, 36045943, 36038195, 36046193, 35762008, 36043688, 36046040, 36045714, 36046000, 36045759, 36046307, 36041559, 36045963, 36042474, 36046120, 36046305, 32359987, 36045532, 36042399, 36046199, 36039529, 36046257, 36046243, 36046255, 36045115, 36046101, 36046051, 36043056, 36044773, 36044605, 36045954, 31485230, 36045967, 36046144, 36045155, 36045632, 36038089, 35994473, 36044868, 36042482, 36043914, 36046198, 36045342, 36045698, 36042477, 36045610, 36046179]
['ratchada', '13:20', '13:30', 36046229, 36046258, 36045211, 36044936, 36042274, 36044153, 36046108, 36046325, 36045904, 36041496, 36045916, 36045920, 36043737, 36045065, 36039952, 36042777, 36046302, 36044555, 32359987, 36045532, 35994473]
['rajdumnern', '13:20', '13:30', 36045746, 36046262, 36045911, 36046000, 36045698]
['isolate', '13:20', '13:30', 36046330, 36045955, 36045999, 36046310]
['social', '13:20', '13:30', 36046258, 36040329, 36039189, 36045483, 36045885, 36043740, 36046322, 36045114, 36045825, 36046062, 36046314, 36044196, 36045531, 36034762, 35762008, 36045963, 36043056, 36045967, 36043914]
['religious', '13:20', '13:30', 36045789, 36040771, 36043915, 36046083, 36043828, 36045885, 36046062, 36043962, 36045531, 36046040, 36046051, 36045342, 36042477]
['supachalasai', '13:20', '13:30', 36045842, 36046275, 36046163, 36034485, 36046220, 36046078, 36044941, 30059545, 36041496, 36046114, 36045646, 36046161, 36045283, 36045621, 36045702, 36045943, 36045759, 36039529, 36046144]
['siam', '13:20', '13:30', 36043107, 36045371, 36045618, 36046329, 36046280, 36046058, 36044792, 36046233, 36046278, 36045515, 36045825, 36044834, 36046277, 36046291, 36017243, 36046311, 36046282, 36044857, 36045531, 36046309, 36046198, 36046179]
['lumpini', '13:20', '13:30', 36046319, 36046275, 36044329, 36046242, 36046317, 30059545, 36044784, 36046130, 36046179]
['sinthorn', '13:20', '13:30', 36046315, 36046142, 36044261, 36045700, 36045037, 36040617, 36040079, 36046263, 36046265, 36046317, 36041356, 36041268, 36044784, 36042316, 36043600, 36042354, 36045802, 36042370, 36046290, 36042397, 36045634, 36044652, 36041559, 36042399, 36046243, 36045967, 36042482]
['silom', '13:20', '13:30', 36040502, 36046142, 36044548, 36022662, 36039189, 36044261, 36046265, 36046317, 36041356, 36045716, 36042397, 36045634, 36045512]
['wahkor', '13:20', '13:30', 36046048, 36042902, 36044329, 36046214, 36045698]
['library', '13:20', '13:30', 36045618, 36044746, 36046278, 36046318, 36043789, 36046062, 36045716, 36046051, 36042477]
['art', '13:20', '13:30', 36046307]
