['food', '18:50', '19:00', 36046607, 36046829, 36047194, 36047094]
['greenzone', '18:50', '19:00', 35979051, 36045426, 36047295]
['camera', '18:50', '19:00', 36046227, 36047095, 36047212, 36047121, 36043455]
['cartoon', '18:50', '19:00', 36047311, 36045208, 36047299, 36046047, 36039603, 36045968, 36047116]
['gallery', '18:50', '19:00', 36046976, 36043936]
['klaibann', '18:50', '19:00', 36039074, 36031030, 36046829, 36047199, 36047252, 35765044]
['jatujak', '18:50', '19:00', 36045930, 36045333, 36046977, 31574658, 36046976, 36045311, 36047147, 36043477, 36046777]
['chalermkrung', '18:50', '19:00', 36047167, 36047178, 36047120, 32374214, 36046574, 36047242, 36046853, 36046962, 36028221, 36046410]
['chalermthai', '18:50', '19:00', 36047143, 36044658, 36047311, 36045208, 36044799, 36028221]
['family', '18:50', '19:00', 35785407, 35789354, 36044038, 36046607, 35785556, 35785653, 36045018, 35784787, 36046342, 36044080, 35781934, 36045671, 36037153, 36047112, 36047057, 36044943]
['home', '18:50', '19:00', 36045930, 36044940, 36046977, 36046715, 36047147, 36047067, 36046924, 36045535, 36040807, 36045788]
['siliconvalley', '18:50', '19:00', 36046580, 36044831, 36047230, 36039303, 36047315, 36044250, 36047207, 36047302, 34873989, 36047286, 36047171, 35930844, 36047251, 30186572, 36037153, 36019925, 36046447]
['beauty', '18:50', '19:00', 36042817, 36047042, 36047298, 36044151, 34590218, 36047282]
['writer', '18:50', '19:00', 36044218, 36045647]
['blueplanet', '18:50', '19:00', 36046987, 36045180, 36039074, 36046508, 35781946, 32374214, 36045060, 36046397, 36046905, 36046683, 36039189, 36044799, 36047300, 36047191, 36046925, 36047199, 36047290, 35783877, 36043936]
['tvshow', '18:50', '19:00', 36045044, 36042817, 36047120, 36047066, 36047229, 36047316, 36045922, 36047195, 36039189, 36046853, 36047118, 36046590, 36047294, 36043943, 36047275, 36047105, 36047134, 36047153, 36047138]
['bangrak', '18:50', '19:00', 36046773, 35769782, 35789191, 36044038, 35789076, 34501858, 35785556, 36040610, 35982132, 36047129, 36046348, 35783834, 36047317, 35785653, 35785958, 35781759, 35784787, 35784809, 36046870, 35695786, 36004797, 36043856, 36047292, 35977245, 35784865, 35785046, 35785149, 35781934, 35781488, 36045671, 35781513, 35780631, 35776593, 36046035, 35776840]
['horoscope', '18:50', '19:00', 36047196, 36046891, 36046715, 36046413, 36047036, 36044224]
['pantip', '18:50', '19:00', 36047229]
['region', '18:50', '19:00', 36046838, 36037967, 36047295, 36047290, 36047205]
['mbk', '18:50', '19:00', 35782715, 36046950, 36046530, 35701388, 36047230, 36046864, 36047080, 36047307, 36047249, 36044250, 36010361, 36045084, 36045792, 36047272, 36047293, 36047251, 36037153, 36019925]
['all', '18:50', '19:00', 36047196, 36045348, 36046580, 36047324, 35785407, 36045044, 36044201, 36045930, 35956006, 36047289, 36047322, 36047323, 35782715, 36047167, 36047020, 36044077, 36045333, 35789354, 36046903, 36040078, 36046408, 36046950, 36047143, 36046987, 36046530, 36046773, 36042817, 35769782, 36044940, 36046977, 36047321, 36045180, 35789191, 36044038, 36046227, 35789076, 34501858, 36046607, 36047178, 36046891, 36046982, 35785556, 36040610, 36039074, 35701388, 36047280, 36047120, 36046472, 36044831, 35982132, 36047129, 36046795, 36047278, 36047223, 35979051, 36046508, 36047152, 35781946, 36047320, 36045349, 36047262, 36046348, 36045646, 36047230, 32374214, 36047319, 36045060, 35783834, 36047066, 36047318, 36047317, 36044658, 36047229, 36046838, 35785653, 36044218, 36047316, 36046864, 36045922, 36047095, 36047080, 36047304, 35785958, 36039303, 36046905, 36046397, 36047307, 36047249, 36047042, 35781759, 36047315, 36047314, 36046574, 36045746, 36046683, 36047313, 36045018, 35784787, 36047195, 35784809, 36045758, 36047242, 36038553, 36047312, 36044250, 36047311, 36047212, 31574658, 36045647, 36047285, 36047310, 36047157, 36044745, 36046870, 36047309, 36039189, 36045208, 36044248, 36046608, 36047054, 36046175, 36047207, 36046994, 36047308, 36047298, 36045789, 36046976, 36037967, 36044799, 36047306, 36044372, 36046715, 36047305, 36047303, 36046853, 36047121, 36047184, 35695786, 36045311, 36047302, 36045371, 36046962, 36031030, 36046752, 36046571, 36046413, 36010361, 36046342, 36039991, 34873989, 36047286, 35880557, 36047126, 36045426, 36043455, 36047301, 36046811, 36046669, 36045698, 36047171, 36045084, 36047147, 36047036, 36043477, 36047300, 36046829, 36046988, 36045792, 36047299, 36047118, 36004797, 36047191, 36047297, 36047067, 36042333, 36047272, 35934993, 36046727, 36047296, 36046925, 36047140, 36045603, 36047209, 36047238, 36046466, 36046990, 36047295, 36044151, 36047199, 36046590, 34590218, 36047294, 36046047, 36043856, 36047293, 36046927, 36043943, 36047292, 35977245, 36046777, 36047282, 36044080, 36039603, 36047275, 36047105, 36046924, 36047181, 36020262, 35930844, 36047291, 36047252, 36047251, 36044072, 35784865, 35785046, 36042580, 35785149, 30186572, 36047102, 36033395, 36047290, 35783877, 36047160, 36043177, 36044224, 35781934, 36047288, 36047287, 35781488, 36045671, 36037153, 36046633, 35781513, 36047112, 36040502, 36047284, 36047134, 36047057, 36047283, 35780631, 36047153, 36028221, 36046410, 36047138, 36045535, 35981117, 35776593, 36043936, 36040807, 36047194, 36047205, 36019925, 36046035, 36044722, 36046447, 35776840, 36044943, 36045968, 36047116, 35765044, 36045788, 36047094]
['ratchada', '18:50', '19:00', 36040078, 36044038, 36046838, 35785653, 36047212, 36044248, 36046608, 36046175, 36037967, 36044372, 36047184, 36039991, 36047191, 36045603, 36047295, 35783877, 36047160, 36047205, 36044722]
['rajdumnern', '18:50', '19:00', 36047289, 36046408, 36046982, 36047280, 36047223, 36047304, 36045746, 36047312, 36045698, 36047291]
['isolate', '18:50', '19:00', 36047324, 36047323, 36046903, 36047321, 36047319, 36038553, 36047310, 36046571, 36047296, 36047140, 36043177, 36047288, 36047283, 35981117]
['social', '18:50', '19:00', 36046580, 35785407, 35782715, 36046977, 36047152, 36045349, 36047066, 36045758, 36047157, 36046870, 36047309, 36039189, 36047054, 36044372, 36047305, 35695786, 36010361, 35880557, 36047067, 36042333, 35934993, 36047238, 36047181, 36044072, 36047112, 36047057]
['religious', '18:50', '19:00', 35956006, 36044077, 36046795, 36045789, 36046811, 36047036, 36043477]
['supachalasai', '18:50', '19:00', 36047020, 36047278, 36045646, 36047318, 36047042, 36046175, 36047054, 36046994, 36047301, 36046669, 35934993, 36046727, 36046466, 36046633, 36047205]
['siam', '18:50', '19:00', 35789354, 35769782, 35789191, 34501858, 36047120, 36047129, 36047152, 36046348, 36047317, 35784787, 36046870, 36047309, 36047308, 35695786, 36045371, 36031030, 36004797, 36047297, 35934993, 36047238, 36043856, 36047292, 35977245, 36020262, 36047181, 35785046, 35781488, 35781513, 35776593]
['lumpini', '18:50', '19:00', 36046472, 36047066, 35785653, 36047042, 36045758, 36047298, 36046829, 36042333, 36047209, 36046777, 36047252, 36047112]
['sinthorn', '18:50', '19:00', 36045348, 36047322, 36047314, 36045758, 36044250, 36047285, 36047303, 36046752, 35880557, 36047126, 36046988, 36046990, 36046927, 36046924, 35930844, 36044072, 36042580, 36047102, 36047287, 36047094]
['silom', '18:50', '19:00', 36044831, 36046472, 36047314, 36044745, 36039189, 36044072, 30186572, 36047287, 36040502, 36047284, 35765044, 36047094]
['wahkor', '18:50', '19:00', 36044201, 36047313, 36044745, 36047306, 36045698, 36047147, 36047252]
['library', '18:50', '19:00', 36044201, 36047320, 36047262, 36047238, 36020262, 36033395]
['art', '18:50', '19:00', 36047295]
