['food', '19:00', '19:10', 36047161, 36046829, 36047348, 36046959, 36047344, 36045451, 36046833, 36047253, 36047098, 36044588, 36046607]
['greenzone', '19:00', '19:10', 36047339, 36045426]
['camera', '19:00', '19:10', 36045412, 36046227, 36045547, 36047347, 36045828, 36047336, 36047212]
['cartoon', '19:00', '19:10', 36046446, 35799390, 36046847, 36046047, 36047328, 31134905]
['gallery', '19:00', '19:10', 36046679]
['klaibann', '19:00', '19:10', 36047252, 36046228, 36046829, 36047109, 36047199, 36044588, 36047334, 36040051]
['jatujak', '19:00', '19:10', 36047339, 36046999, 36046833, 36045311, 36045333, 36046577, 36046777, 36047330, 36046764]
['chalermkrung', '19:00', '19:10', 36047337, 36046015, 36047351, 36046702, 36047120, 36046410, 36047242, 36046007, 36045777, 36047167, 36045962, 36043665, 36047178, 36046763, 32374214]
['chalermthai', '19:00', '19:10', 36041666, 36044995, 36041744, 36047143, 35799390, 36043665, 35796920]
['family', '19:00', '19:10', 36041608, 36044038, 36047346, 36045018, 36035381, 35800131, 36034264, 35798978, 36046607, 35798829, 36040051]
['home', '19:00', '19:10', 36044865, 36046201, 36043601, 36047348, 36046796, 36043711, 35803271, 34991019, 36047329, 30754545, 36047187]
['siliconvalley', '19:00', '19:10', 36047352, 36045412, 30186572, 36047302, 36047251, 36047325, 36016957, 36033770, 36047341, 36047088, 36044831, 36047171, 36046003, 36047106, 36047230, 36047274]
['beauty', '19:00', '19:10', 36044151, 36045222, 36046178, 36043959, 36047333, 35790104, 36047298]
['writer', '19:00', '19:10', 36046496, 36022835, 36044218]
['blueplanet', '19:00', '19:10', 36047136, 36039189, 36045295, 36047345, 36046925, 36045379, 36047199, 36046679, 36047300, 35790104, 36047327, 36043458, 32374214]
['tvshow', '19:00', '19:10', 35917459, 36047213, 36045195, 36046770, 36039189, 36047066, 36046063, 36047120, 36047316, 36045777, 36047338, 36047138, 36047275, 36047105, 36047190, 36046664, 36046832, 34991019]
['bangrak', '19:00', '19:10', 36047353, 36047161, 36041608, 36047317, 36044038, 36047174, 36041541, 36047239, 36046277, 36045459, 36047271, 36035381, 35796920, 35695786, 35798197, 35794502, 35790012, 36043107, 36047248, 35791869, 36047276, 36046870]
['horoscope', '19:00', '19:10', 36047196, 36045687, 36046802, 36046340, 36046891, 36039837, 36033454]
['pantip', '19:00', '19:10']
['region', '19:00', '19:10', 36044446, 36045379, 36047328, 36047327]
['mbk', '19:00', '19:10', 36046530, 36046332, 36047251, 36047307, 36039836, 36045084, 36046864, 36046997, 36047079, 36047139, 36046003, 36047272, 36047230, 36047236, 36044938, 36047183, 36047293, 36045890]
['all', '19:00', '19:10', 36047352, 36047353, 36011248, 36047136, 36045412, 36046486, 35917459, 36047339, 36047337, 36046496, 36046446, 36040627, 36047161, 36047223, 30186572, 36047304, 36047213, 36045195, 36041666, 36047302, 36041356, 36046530, 36044121, 36045001, 36044283, 36046903, 36045371, 36046015, 36047326, 36047351, 36046332, 36047252, 36045911, 36045907, 36046228, 36046727, 36046770, 36044865, 36046795, 36045211, 36047251, 36044995, 36046201, 36046829, 36045510, 36041608, 36047317, 36046227, 36044446, 36047201, 36047166, 36044038, 36047349, 36039189, 36046702, 36047066, 36044548, 36046999, 36047196, 36047280, 36046662, 36045687, 36047277, 36047307, 36047325, 36016957, 36046048, 36043601, 36047310, 36046063, 36047102, 36047120, 36045547, 36047348, 36046633, 36047316, 36047202, 36046811, 36047174, 36041541, 36046980, 36047347, 36047239, 36046802, 36046956, 36045295, 36039836, 36046340, 36047346, 36047345, 36045084, 36046959, 36047344, 36043699, 36033770, 36045348, 36041744, 36045498, 36047109, 35812334, 36046925, 36022835, 36046864, 36046277, 36044151, 36046891, 36045451, 36039837, 36045885, 36047224, 36046410, 36047242, 36047309, 36045379, 36047313, 36047343, 36040502, 36046833, 36047289, 36045828, 36047342, 36047285, 36046007, 36047199, 36046679, 36045777, 36047341, 36045311, 36047088, 36047143, 36045222, 36045018, 36046062, 36047314, 36047291, 36047253, 36047006, 36047300, 36047167, 36045459, 36047340, 36045962, 36044649, 36045333, 36047338, 36047318, 36047271, 36046997, 36047138, 36047098, 36046871, 36046579, 36040776, 36047244, 36047275, 36046577, 36046796, 36047079, 36047139, 36047105, 36035381, 35799390, 36043665, 36047238, 36044831, 36044588, 36047171, 36047190, 36046664, 36046178, 36046003, 36046144, 36046551, 36046430, 35800131, 36043670, 36046832, 36047106, 36047336, 35796920, 36043711, 36034264, 35802114, 35803271, 36046847, 36047272, 36047335, 36047225, 36047178, 35798978, 36046805, 36046777, 36046157, 36046607, 35798829, 36046835, 36043959, 36044218, 35799335, 36047230, 36047236, 36033454, 36046763, 36047334, 34991019, 36045943, 36044938, 36047212, 35695786, 36040508, 35798197, 36044902, 35956006, 36047333, 35794502, 36047332, 36047331, 36047274, 35790012, 36046047, 36047329, 36046946, 36047097, 36043177, 36043107, 35790104, 36047330, 36045643, 36046764, 36047248, 30754545, 36047298, 35791869, 36047048, 36042988, 36040051, 36047184, 36047306, 36047328, 36047008, 31134905, 36045389, 36047183, 36047327, 36043458, 36047187, 36047276, 36047293, 36046870, 36047303, 32374214, 36045890, 36045426]
['ratchada', '19:00', '19:10', 36045211, 36044446, 36044038, 36047006, 36044649, 36046579, 36040776, 36043665, 36047212, 36040508, 36047184]
['rajdumnern', '19:00', '19:10', 36047223, 36047304, 36045911, 36047280, 36047289, 36047291, 36046157]
['isolate', '19:00', '19:10', 36046903, 36047349, 36047277, 36047310, 36047340, 36046430, 36047331, 36043177, 36047048, 36042988, 36045389]
['social', '19:00', '19:10', 36039189, 36047066, 36046959, 36045885, 36047309, 36047343, 36046062, 36047253, 36047006, 36047079, 36047238, 35802114, 35798978, 36046157, 35798829, 35695786, 35798197, 36047333, 35791869, 36040051, 36047276, 36046870]
['religious', '19:00', '19:10', 36044283, 36046795, 36045510, 36046811, 36047344, 36045885, 36045379, 36046062, 36046551, 35956006, 36047008]
['supachalasai', '19:00', '19:10', 36047213, 36046727, 36047201, 36046633, 36043699, 36047318, 36046144, 36043670, 36047225, 36046835, 36045943]
['siam', '19:00', '19:10', 36047353, 36011248, 36040627, 36045371, 36041608, 36047317, 36047166, 36047120, 36047174, 36047239, 36046802, 36022835, 36045451, 36039837, 36047224, 36047309, 36047343, 36047271, 36047238, 36047106, 36047335, 35798978, 35695786, 35798197, 35794502, 35790012, 36043107, 36046870]
['lumpini', '19:00', '19:10', 36040627, 36044121, 36047326, 36047252, 36046829, 36047066, 36047202, 36047174, 35812334, 36043670, 36046777, 35799335, 36044902, 36047330, 36047298]
['sinthorn', '19:00', '19:10', 36041356, 36045001, 36045907, 36047102, 36046956, 36045348, 36045498, 36047342, 36047285, 36047314, 36047006, 36046871, 36046579, 36046796, 35803271, 36046805, 36047332, 36046946, 36047097, 36045643, 36047327, 36047187, 36047303]
['silom', '19:00', '19:10', 36047339, 30186572, 36041356, 36045001, 36047166, 36039189, 36044548, 36046980, 36047109, 36045451, 36040502, 36046833, 36045828, 36047314, 36044831]
['wahkor', '19:00', '19:10', 36047352, 36046486, 36047252, 36046662, 36046048, 36047202, 36046802, 36047313, 36047244, 36046551, 36047306, 36045426]
['library', '19:00', '19:10', 36046486, 36040627, 36046063, 36047224, 36046062, 36047238, 36046551, 36047335]
['art', '19:00', '19:10']
