['food', '12:20', '12:30', 30119202, 36046029, 36034095, 36012377, 36012663]
['greenzone', '12:20', '12:30', 36045593]
['camera', '12:20', '12:30', 36044081, 36046156, 36046150]
['cartoon', '12:20', '12:30', 36046047, 36046020, 36046162, 36045208, 36045968, 36039682, 36046113]
['gallery', '12:20', '12:30', 36046126, 36046081, 36026433, 36026130, 36045069, 36043936]
['klaibann', '12:20', '12:30', 36046157, 36043776, 36044144, 36046108]
['jatujak', '12:20', '12:30', 36015557, 36045333, 36045311, 36041133, 36044967]
['chalermkrung', '12:20', '12:30', 36043061, 36044892, 36043644, 36046007, 36043391, 36046015, 36046071, 36044144, 36045962, 36045143]
['chalermthai', '12:20', '12:30', 36045208, 36041666, 36045881, 36046113]
['family', '12:20', '12:30', 36043740, 36045018, 36045679, 36041432, 36046155, 36045830, 36045671, 36040187, 36044191]
['home', '12:20', '12:30', 31571608, 36042698, 36045753, 36045888, 36044405, 36034095, 36046149, 36045215, 36042995, 36041537, 36044185, 36029011]
['siliconvalley', '12:20', '12:30', 36044098, 36045042, 36043982, 36045152, 36044589, 36045705, 36045936, 36046087, 36043899, 36046154, 36043629, 36044405, 36046116, 36046149, 36045799, 36043527, 36029011]
['beauty', '12:20', '12:30', 36045727, 36045640, 36045831, 36042817, 31297605, 36040811, 36045382, 36012377, 36046030, 30403965]
['writer', '12:20', '12:30', 36045324]
['blueplanet', '12:20', '12:30', 36044818, 36046126, 36044219, 36042777, 36039189, 36038138, 36045506, 36046081, 36046141, 36045700, 36026433, 36012271, 36042866, 36046128, 36038089, 36045966, 36045060, 36045830, 36039502, 36045069, 36043936, 36046108]
['tvshow', '12:20', '12:30', 36039189, 36045044, 36045404, 35868872, 36045954, 36044271, 36046016, 36040354, 36042817, 36046146, 36045321, 36046140, 36046089, 36044936, 36038811, 36045675, 36046148, 36045881, 36045583, 36044144, 36046145, 36045922, 36046101, 36045872, 36044212]
['bangrak', '12:20', '12:30', 35695786, 36043740, 36044837, 36046152, 36046160, 36045696, 36044905, 36041432, 36040623, 36045671, 35530612, 36046133, 36041541, 36046139]
['horoscope', '12:20', '12:30', 33704291, 36045687, 36017054, 36046133, 36039094]
['pantip', '12:20', '12:30', 36046159]
['region', '12:20', '12:30', 36045042, 36046081, 36046141, 35989036]
['mbk', '12:20', '12:30', 36045084, 36043698, 36045705, 36040683, 36032288, 36045936, 36045935, 36042724, 36026130, 36043899, 36046153, 36046031, 36044601, 36045799, 36046077, 36046137, 36045995, 34169510, 36045585]
['all', '12:20', '12:30', 36045885, 36044818, 31571608, 36045084, 36046163, 35695786, 36015557, 36046126, 36046083, 36042698, 36044098, 36045698, 36045956, 36045531, 31759838, 36043061, 36046047, 36044219, 36046020, 36046157, 36042777, 36038104, 36046040, 36044944, 36043740, 36045475, 36045911, 36038423, 36043710, 36044165, 36039189, 36045035, 36042180, 36046129, 36044892, 36045753, 36046162, 36046014, 36045042, 36045593, 36043644, 36045044, 36045982, 36045404, 36044077, 36045727, 30119202, 36044837, 36046152, 36043982, 36045208, 36038138, 36046007, 36045530, 36045640, 35868872, 36044081, 36041666, 36045954, 36045920, 36044271, 36043698, 36045152, 36046016, 36040354, 36046161, 36045831, 30977820, 36044589, 36045968, 36045955, 36045333, 36045018, 36045506, 36046151, 36046160, 36046082, 36045943, 36045705, 36045858, 36042477, 36045646, 36046062, 36040683, 36042817, 36045679, 36043391, 36046159, 36045600, 36027327, 36046029, 36046092, 36045856, 36046081, 36046146, 31297605, 36045696, 36046111, 36046141, 36046015, 36043483, 36045321, 36045700, 36045532, 36045936, 36026433, 36032288, 36045935, 36046140, 36046158, 36045305, 36044905, 36040502, 36045975, 36041432, 36012271, 36046074, 36042724, 36046156, 36046089, 36026130, 36046155, 36046087, 36043899, 36045888, 36045442, 36045967, 36042866, 36044936, 36046128, 36043776, 36040623, 36046154, 36043629, 36040811, 36045759, 36046153, 36043804, 36045826, 36044405, 36046116, 36038089, 36046031, 36044601, 36037764, 36045966, 33704291, 36045687, 36045060, 36038811, 36045830, 36039682, 36045311, 36046150, 36045324, 36041133, 36045675, 36043542, 36034095, 36039502, 36045037, 36045371, 36045633, 36045069, 36017054, 36041963, 36046149, 36045439, 36046148, 36046147, 36045799, 36046077, 36045881, 36045583, 36045215, 36027489, 36040236, 36044049, 36043177, 36046000, 36046071, 36042507, 36043486, 36046137, 36045544, 36045671, 36044144, 36045382, 36044967, 36046145, 36042995, 36045922, 36046080, 35530612, 36046030, 36012377, 36043583, 36046034, 36045962, 36046144, 36041537, 36043891, 36046133, 36043936, 35989036, 36043398, 36045143, 36046143, 36044185, 36045988, 36043527, 36046101, 36046108, 36046113, 36041541, 36046135, 36046142, 36045995, 36042305, 34169510, 36029011, 36044400, 36039094, 36045577, 36046139, 36045585, 36046138, 36040187, 36045773, 36045872, 36044100, 36044212, 30403965, 36012663, 36044191, 36045999, 36030192]
['ratchada', '12:20', '12:30', 36042777, 36045920, 36027327, 36046111, 36045532, 36046074, 36042724, 36045442, 36044936, 36045966, 36041963, 36046147, 36027489, 36043398, 36045988, 36046108, 36029011, 36045577]
['rajdumnern', '12:20', '12:30', 36045698, 36046157, 36045911, 36044049, 36046000, 36043891]
['isolate', '12:20', '12:30', 36045955, 36046158, 36045826, 36043177, 36045999]
['social', '12:20', '12:30', 36045885, 35695786, 36045531, 36046157, 36038104, 36043740, 36038423, 36039189, 36045035, 36045593, 36046151, 36045506, 36045705, 36046062, 36046029, 36045967, 36043804, 36027489, 36044049, 36046080, 36046034, 36042305, 36040187, 36045773]
['religious', '12:20', '12:30', 36045885, 36046083, 36045531, 36046040, 36038423, 36045593, 36044077, 36042477, 36046062, 36045679, 36040236]
['supachalasai', '12:20', '12:30', 36046163, 36044165, 36042180, 36046014, 36045530, 36046161, 36045943, 36045646, 36046092, 36045759, 36045633, 36042507, 36045544, 36045382, 36043583, 36046144, 36045988, 36045773, 36030192]
['siam', '12:20', '12:30', 35695786, 36045531, 36043710, 36045035, 36044837, 36046152, 30977820, 36045975, 36045371, 36045544, 36045382, 35530612, 36040187]
['lumpini', '12:20', '12:30', 36015557, 36038138, 36045831, 31297605, 36045439, 36045382, 36046138, 36044100, 36030192]
['sinthorn', '12:20', '12:30', 36044944, 36045475, 36045982, 36046082, 36045858, 36045600, 36045856, 36045700, 36046074, 36045967, 36046031, 36043542, 36045037, 36040236, 36042995, 36046080, 36043891, 36046143, 36046135, 36046142, 36045773]
['silom', '12:20', '12:30', 36039189, 36038138, 36045506, 36046029, 36040502, 36046031, 36040236, 36046080, 36046142, 36045773]
['wahkor', '12:20', '12:30', 36045698, 36045956, 31759838, 36043061, 36044944, 36043483, 36045305, 36012271, 36037764, 36045439, 36043486, 36029011, 36044400, 36044100]
['library', '12:20', '12:30', 31759838, 36043061, 36046129, 36042477, 36046062, 36045305, 36046155, 36043776, 36045439, 36043891, 36044400]
['art', '12:20', '12:30']
