['food', '19:40', '19:50', 36046607, 36032911, 36047161, 36047098, 32144968]
['greenzone', '19:40', '19:50', 36045593]
['camera', '19:40', '19:50', 36041085, 36042881, 36047500, 36045412, 36047336, 36046500, 36046448]
['cartoon', '19:40', '19:50', 36047328, 36047261, 34375441, 36027770]
['gallery', '19:40', '19:50', 36046679]
['klaibann', '19:40', '19:50', 36047252, 36047484, 36045940]
['jatujak', '19:40', '19:50', 36047494, 36045333, 36047483, 36045930, 36045580, 36047339]
['chalermkrung', '19:40', '19:50', 36047502, 36047167, 36047178, 36046853, 36045962, 36046923, 36046702, 36047242, 36046763, 33230316, 36044968, 36025958]
['chalermthai', '19:40', '19:50', 36047009, 36047412, 36046638, 36047499, 36026799, 36009783, 36044893, 36025958]
['family', '19:40', '19:50', 32766433, 36044038, 36044080, 36047401, 31439844, 36046607, 36047493, 31939809, 36044943, 36045572]
['home', '19:40', '19:50', 36045990, 36046782, 36045597, 36047434, 36045497, 36045930, 36046840, 36047200]
['siliconvalley', '19:40', '19:50', 36044868, 36042881, 36047381, 36047261, 36047495, 36040939, 36045412, 36047315, 36047481, 36047264, 36038484, 36046534, 36047325, 36034344, 36047475, 36047391, 36047200, 36047427]
['beauty', '19:40', '19:50', 36030700, 36044151, 36037722, 36047110, 36047488, 36047124, 36047482, 36047480, 36047203, 36047474]
['writer', '19:40', '19:50', 36047476]
['blueplanet', '19:40', '19:50', 36047365, 36044818, 36047492, 36046679, 36001604, 36042777, 36045700, 35886599, 36045019, 36047136, 36046739]
['tvshow', '19:40', '19:50', 36041639, 36046016, 36047435, 36047442, 36046853, 36047462, 36047478, 36046089, 36031403, 36044659, 36047338, 36046555, 36047229, 36047105, 36047424, 36042692, 36047404, 36044936, 36047128, 36020621, 36047134, 36047213, 36047444, 35976762, 36025958, 35695667]
['bangrak', '19:40', '19:50', 32766433, 36044038, 35968174, 36044582, 36047498, 36047401, 36031582, 36037938, 36047490, 36045685, 36047407, 36047485, 36047161, 36046277, 36044564, 36047393, 36047430, 36047454, 36045940, 36044765]
['horoscope', '19:40', '19:50', 36047196, 36044881, 36047491, 36047434, 36047407, 36046413, 36046340, 36046891]
['pantip', '19:40', '19:50', 36047462, 36047229, 36044968]
['region', '19:40', '19:50', 36047457, 36047328, 36046958, 36001604, 36047483, 34005443, 36046739]
['mbk', '19:40', '19:50', 36046789, 36047426, 36047373, 36045985, 36047249, 36047452, 36045821, 36047272, 36047479, 36044054, 36047477, 36045733, 36047475, 36036382, 36046291, 36046694]
['all', '19:40', '19:50', 36047441, 36041639, 36030700, 36046994, 36047008, 36046735, 36044151, 36044961, 36047445, 36044284, 36047322, 36045986, 36047184, 36045211, 36046789, 36047252, 36040502, 36047502, 36044868, 32766433, 36045990, 36045646, 36041085, 36047365, 36044818, 36047009, 36046016, 36047412, 36047457, 36047201, 36046727, 36046782, 36047501, 36047426, 36047328, 36044038, 36042881, 35968174, 36045593, 36045531, 36047306, 36047373, 36039772, 36046633, 36047449, 36044080, 36047381, 36046638, 36045348, 36044582, 36047435, 36047167, 36047442, 36037722, 36047500, 36047499, 36046805, 36047178, 36047261, 36047498, 36047467, 36047472, 36044077, 36047497, 36047401, 36047196, 31439844, 36044881, 36031582, 36047496, 36047470, 36046853, 36046607, 36047110, 36047494, 36047495, 36047478, 36047462, 36045682, 36026799, 36040627, 36047493, 36047020, 36047476, 36047312, 36047087, 36047491, 36047492, 36040939, 36047458, 36037938, 36047291, 36045412, 36047490, 36045685, 36047223, 36045985, 36046089, 36045371, 36047315, 36031403, 36046958, 36045597, 36009783, 36047489, 36047336, 36046679, 36047464, 31939809, 36047434, 36044659, 36047488, 36001604, 36047487, 36047244, 36047338, 36044809, 36046555, 36047124, 36047249, 36045333, 36045698, 36044893, 36047229, 36047452, 36032911, 36045821, 36047486, 36047407, 36046772, 36047485, 36045962, 36047484, 36045964, 36047105, 36047483, 36046974, 36042777, 36045700, 36047104, 36046923, 36047482, 36047367, 36047420, 36047272, 36045497, 36046702, 36047355, 34005443, 34375441, 36047481, 36047284, 36047480, 36036129, 36046163, 36047161, 36047421, 35976317, 35886599, 36047424, 36047242, 36047203, 36045930, 36046763, 36046413, 36047479, 36042692, 36047264, 36038484, 36046277, 36046262, 36044564, 36047342, 36044054, 36047404, 36047393, 36044936, 36044943, 36047128, 36047430, 36046534, 36045580, 33230316, 36046500, 36020621, 36047454, 36046359, 36047325, 34396919, 36045019, 36046340, 36047339, 36046840, 36047477, 36047332, 36034344, 36045572, 36046083, 36047134, 36045940, 36047363, 36045733, 36046646, 36047213, 36047444, 36046891, 36047475, 36047474, 35976762, 36047136, 36038908, 36043177, 35761783, 36025133, 36047073, 36046739, 36047098, 36047391, 36044968, 36036382, 36025958, 36047044, 36046448, 36046291, 36046586, 34004932, 32144968, 35695667, 36047200, 36047427, 36046694, 36047473, 36027770, 36044765]
['ratchada', '19:40', '19:50', 36044284, 36047184, 36045211, 36047365, 36044038, 36047087, 36047489, 36047464, 36042777, 36044936, 36046359, 36047073]
['rajdumnern', '19:40', '19:50', 36047441, 36047496, 36047312, 36047291, 36047223, 36045698, 36046974, 36047420, 36046262, 36047044]
['isolate', '19:40', '19:50', 36047486, 34396919, 36043177, 35761783, 36025133, 36047473]
['social', '19:40', '19:50', 36047445, 36046789, 36047426, 36045531, 36039772, 36047087, 36047407, 36047484, 36046974, 36045700, 36047104, 36044054, 36047393, 36036382, 36046586]
['religious', '19:40', '19:50', 36047008, 36047457, 36045593, 36045531, 36044077, 36047355, 36046083]
['supachalasai', '19:40', '19:50', 36046994, 36045646, 36047201, 36046727, 36046633, 36047020, 36047458, 36047124, 36047367, 36046163, 36047213, 36038908]
['siam', '19:40', '19:50', 36045986, 32766433, 35968174, 36045531, 36039772, 36031582, 36047470, 36040627, 36045371, 36047104, 34005443, 36036129, 36047421, 36047393, 36047430, 36047454, 36047363]
['lumpini', '19:40', '19:50', 36030700, 36047252, 36047498, 36047110, 36040627, 36047488, 36047124, 36047407, 36046586]
['sinthorn', '19:40', '19:50', 36044961, 36047322, 36047501, 36047449, 36045348, 36046805, 36047467, 36047472, 36047497, 36047487, 36044809, 36045821, 36046772, 36045964, 36047421, 35976317, 36047342, 36047339, 36046840, 36047332, 36046646, 36047044, 36046448]
['silom', '19:40', '19:50', 36044961, 36040502, 36047472, 36047484, 36047420, 36047284, 36047363, 36046586]
['wahkor', '19:40', '19:50', 36047252, 36047306, 36047497, 36047110, 36047494, 36045682, 36046958, 36047244, 36045698, 36045580]
['library', '19:40', '19:50', 36046735, 36047412, 36047470, 36040627, 34005443, 36047363, 36027770]
['art', '19:40', '19:50', 36047481, 34004932]
