['food', '23:50', '00:00', 36048391, 36047792, 36046783, 36046044, 36048362, 36030334, 36048194, 36047163, 35923255, 35923780, 36046829, 36048398, 36047958, 36044788, 36031927, 36048144, 36047789]
['greenzone', '23:50', '00:00', 36045593]
['camera', '23:50', '00:00', 36047212, 36046549, 36046500, 36047336]
['cartoon', '23:50', '00:00', 36046047, 36048277, 36047742]
['gallery', '23:50', '00:00', 36043284, 36047052, 35976814]
['klaibann', '23:50', '00:00', 35895186, 36048411, 36046829, 36045374, 36048405, 36046228, 36039456]
['jatujak', '23:50', '00:00']
['chalermkrung', '23:50', '00:00', 36047369, 36046702, 36048390, 36048134, 36048062, 36047569, 36047561, 36047557, 36047978, 36048138, 36028221, 36047991, 36047511, 36048402, 36048080, 36047840, 36046756, 36043665, 36039157]
['chalermthai', '23:50', '00:00', 36047768, 36048229, 36046638, 36028221, 36048401, 36048317, 36043665]
['family', '23:50', '00:00', 36045018, 35921342, 36048410, 36047493, 30692932, 36044788, 36046189]
['home', '23:50', '00:00', 35923780, 36045215, 36048065, 36046536, 36047200]
['siliconvalley', '23:50', '00:00', 36048233, 36048417, 36048277, 36047945, 36048414, 35984414, 36048412, 36030493, 36039605, 35808696, 32611457, 36047352, 36047647, 36047200]
['beauty', '23:50', '00:00', 35895186, 36048418, 36042817, 36045468, 35922438, 36045222, 36048283, 35979247, 36048162, 30053239, 36039157]
['writer', '23:50', '00:00', 36022835]
['blueplanet', '23:50', '00:00', 36046022, 36048416, 36039189, 36044818, 36043284, 36048229, 36045374, 36047327, 36047052, 36048405, 36047233, 36039456, 34972045, 36048252, 35976814, 36041833, 36048053]
['tvshow', '23:50', '00:00', 36047768, 36047369, 36046063, 36030440, 36048231, 36042817, 36039189, 36047885, 36048229, 36044965, 36047978, 36048176, 36015740, 36005175, 36047153, 36044592, 36046756, 36048400, 36048399, 36043305, 36044936, 36039157]
['bangrak', '23:50', '00:00', 35911414, 35922596, 36048403, 36048169, 35922914, 35922843, 35922438, 35921519, 36048201, 35921417, 35921342, 36003095, 36048265, 36048208, 35925760, 35925758, 36048386, 35925381, 35924482, 36047850, 36044364, 35924461, 35924388, 35925941, 36047890, 36047575, 36046516, 36048397]
['horoscope', '23:50', '00:00', 36048100, 36047832, 36041201, 36046802, 36047740]
['pantip', '23:50', '00:00', 35911414, 35979247]
['region', '23:50', '00:00', 36044364, 36047327, 36047740, 36048260, 36048252]
['mbk', '23:50', '00:00', 36048419, 35233050, 36048277, 36048325, 36048261, 36048408, 36048407, 36048346, 32611457, 36048334, 36047647, 36047179]
['all', '23:50', '00:00', 36048391, 36047768, 36047369, 36047291, 35911414, 36047792, 36048420, 36046022, 35895186, 36048419, 36046783, 36048154, 36048233, 36046063, 36048248, 35922596, 30084108, 35233050, 36040502, 36046702, 36048390, 36046965, 36042745, 36048403, 36030440, 36045018, 36046047, 36047932, 36048418, 36048169, 36048134, 36048231, 36048417, 36046044, 36048416, 36048415, 36048277, 36047614, 36048100, 35922914, 36047212, 36047775, 36047664, 36048362, 35922843, 36042817, 36047945, 36048062, 36044283, 36045468, 36048414, 35922438, 35984414, 36048413, 35921519, 36048412, 36030334, 36047990, 36046549, 36048315, 36048325, 36047569, 36048411, 36048201, 35921417, 36047642, 36048194, 35921342, 36039189, 36047163, 35923178, 36003095, 36044818, 36030493, 36039605, 36043284, 36045222, 35923255, 36048410, 36042810, 36048265, 36048017, 36047885, 36048229, 36048208, 36047561, 36047557, 35924328, 36047820, 36047672, 35923780, 36046829, 36045374, 35925760, 36047533, 36048398, 36048261, 36048386, 35925758, 36048409, 36046638, 36044965, 36047832, 36048408, 36048382, 35925381, 36048216, 36048407, 36048406, 36048168, 35924482, 36047850, 36044364, 36047327, 36047978, 35924461, 36046500, 36045593, 36047052, 36048296, 36048405, 35808696, 36048138, 36046938, 35924388, 36022835, 36047960, 36047233, 36047493, 36048176, 36041201, 35925941, 36048283, 36015740, 36047958, 36028221, 36046812, 36005175, 36047540, 30692932, 36047153, 36048031, 36044788, 36044592, 36046228, 36045215, 36046802, 36048384, 36047991, 36048404, 36039456, 36047439, 36047740, 34972045, 36048346, 36048097, 35979247, 36037764, 32611457, 36048184, 36031927, 36047511, 36046480, 36048402, 36048080, 36048334, 36047840, 36048401, 36048327, 36046756, 36046189, 36048187, 36048260, 36048366, 36048252, 36048065, 36048317, 36047890, 35976814, 36047332, 36048162, 36048191, 36047575, 36046516, 36048400, 36046536, 36047336, 36048399, 36043405, 30053239, 36043305, 36046062, 36047352, 36048144, 36048389, 35234981, 36030558, 36047647, 36047789, 36043665, 36041833, 36047179, 36048292, 36048180, 36048387, 33854519, 36044936, 36048397, 36039157, 36047742, 36047806, 36047200, 36048053, 36048396, 36048166]
['ratchada', '23:50', '00:00', 36046022, 30084108, 36047212, 36048413, 36047990, 35923178, 36048017, 36048382, 36048405, 36046812, 36048031, 34972045, 35976814, 36047575, 36043665, 36048292, 36044936]
['rajdumnern', '23:50', '00:00', 36047291, 36047614, 36047533, 36046938, 36047806]
['isolate', '23:50', '00:00', 36048154, 36048409, 36048296, 36048180]
['social', '23:50', '00:00', 35895186, 36030440, 36048315, 36039189, 35923178, 36003095, 35923255, 36048410, 35924328, 35923780, 36048261, 36047233, 36048404, 36031927, 36048334, 36048065, 36047575, 36046536, 36043405, 36046062, 36048292]
['religious', '23:50', '00:00', 36044283, 36045593, 36048260, 36046062]
['supachalasai', '23:50', '00:00', 36048420, 36047664, 36047820, 36047540, 36048384, 36048184, 36046536, 36048166]
['siam', '23:50', '00:00', 35911414, 36048169, 36048415, 35922914, 35922438, 36048315, 36048411, 35921417, 36047642, 36048265, 36048229, 36048208, 35925760, 35925381, 36048216, 35924461, 35924388, 36022835, 35925941, 36047740, 36047890, 36048191, 36043405, 36030558, 36048387, 36048397]
['lumpini', '23:50', '00:00', 36048418, 36045468, 35922438, 36048315, 36047163, 36047820, 36046829, 36048261, 36047540, 36048327, 36043405]
['sinthorn', '23:50', '00:00', 36042745, 36047932, 36042810, 36047672, 36048168, 36047327, 34972045, 36031927, 36046480, 36048187, 36047332, 35234981, 36047647, 36048292, 33854519]
['silom', '23:50', '00:00', 36040502, 36046965, 36042745, 36048416, 36048413, 36039189, 36048406, 36048389, 36048292, 36048396]
['wahkor', '23:50', '00:00', 36048248, 36047614, 36047775, 36048407, 36041201, 36044592, 36047439, 36048097, 36037764, 36048366, 36047352, 36048292]
['library', '23:50', '00:00', 36046063, 36047775, 36048411, 36048410, 36045374, 36048407, 35924461, 36047960, 36044592, 36048097, 36048191, 36046062, 36030558]
['art', '23:50', '00:00']
