['food', '18:30', '18:40', 36031927, 36044581, 36044738, 36046829, 36039645, 36044788, 36046607, 36045451, 36042474, 36045963]
['greenzone', '18:30', '18:40']
['camera', '18:30', '18:40', 36045299, 36040608]
['cartoon', '18:30', '18:40', 36041914, 36046740, 36044838, 36046191]
['gallery', '18:30', '18:40', 36046876, 36047052, 36040608, 36047071, 36046679]
['klaibann', '18:30', '18:40', 36031030, 36047252, 33796483, 36040051, 36044450, 36046829, 35788471]
['jatujak', '18:30', '18:40', 36046977, 36039896, 36041133, 36045333, 36047232, 36044838]
['chalermkrung', '18:30', '18:40', 36047178, 36047167, 36046574, 36046853, 36046763, 36046962, 36047120, 36047245, 36047242, 36044892, 36044657, 36042877, 36038749]
['chalermthai', '18:30', '18:40', 36044658, 36044398, 36047143, 36039865]
['family', '18:30', '18:40', 36034264, 35725802, 36033595, 36040051, 36041432, 36046582, 36044788, 36046607, 36045018, 36020216, 36047228]
['home', '18:30', '18:40', 36046977, 36047067, 36046544, 36047146, 36043255, 36039311, 36046400, 36047192, 34499193, 36047187, 36047099, 32264475, 36044838, 36045788]
['siliconvalley', '18:30', '18:40', 36047251, 36047106, 36046942, 36047189, 36046992, 35654713, 36047171, 36047230, 35043539, 36039566, 36047150, 36036634, 36046191]
['beauty', '18:30', '18:40', 36044151, 36046742, 36046319, 36047243, 36047063, 36047231, 35979247]
['writer', '18:30', '18:40', 36044218, 36045767, 36047247]
['blueplanet', '18:30', '18:40', 36046876, 33796483, 36046937, 36047052, 36044450, 36045941, 36044946, 36045700, 36047071, 36047072, 36046679, 36043975, 36047233, 36046508, 36046660]
['tvshow', '18:30', '18:40', 36047229, 36047195, 36046555, 36047213, 36047086, 36046063, 36047153, 36046853, 36045873, 36047120, 36043916, 36047192, 36046299, 36047138, 36044965, 36043871, 36046625, 36042561, 36047091, 36039865, 36046948]
['bangrak', '18:30', '18:40', 35726817, 36044551, 36031655, 35726075, 36047248, 35725882, 36047019, 36045459, 36041432, 36047182, 36024167, 36041541, 36043107, 36047211, 36047241, 36044273, 36047239, 36040610, 36047234, 36043702, 36020216, 36047129]
['horoscope', '18:30', '18:40', 36046340, 36047196, 36046891, 36046413, 35983586, 36042739, 35998926, 36046802, 36045080]
['pantip', '18:30', '18:40', 36047229, 36047086, 35979247]
['region', '18:30', '18:40', 36046098, 36046937, 36044446, 36044946, 36043975, 36041177, 36032331]
['mbk', '18:30', '18:40', 36045070, 36044552, 36046874, 36045680, 36046789, 36046694, 36047251, 36047250, 36047249, 36044673, 36043350, 36046941, 36047230, 36041177, 36047236, 36046530, 36046332]
['all', '18:30', '18:40', 36044658, 36047229, 36045070, 36047223, 36034264, 36046340, 36031030, 35726817, 36045299, 36047178, 36047195, 36047196, 36047244, 36045066, 36044551, 36046891, 33521774, 36046547, 36031655, 36046876, 36047252, 36044218, 36044151, 36045348, 33796483, 36044552, 35725802, 36033595, 36047132, 36043044, 36046555, 36046874, 36038971, 36046098, 36047086, 36047213, 35726075, 36047220, 33618516, 36046977, 36031927, 36047067, 36047248, 36046937, 36046429, 36046544, 36046413, 35725882, 36040051, 36047167, 36041356, 36044581, 36045680, 36047019, 36046449, 36046574, 33650390, 36046789, 36044398, 36047052, 36044450, 36046694, 36044446, 36045941, 36046063, 36038908, 36039958, 36047251, 36044121, 36044738, 36044946, 36045408, 36045459, 36047225, 36041432, 36047180, 36046633, 36047197, 35983586, 36047044, 36046829, 36046214, 36047106, 36047153, 36046853, 36045416, 36044276, 36046582, 36046675, 36047146, 36045767, 36036496, 36043255, 36047250, 36047249, 36039645, 36039311, 36042739, 36045700, 36046768, 36040608, 36047202, 36045873, 35663077, 36041861, 36046400, 36018786, 35788471, 35998926, 36041914, 36047182, 36047119, 36038104, 36047087, 36046927, 36047071, 36046942, 36046614, 36044717, 36044548, 36046763, 36047189, 36047247, 36047072, 36046962, 36046992, 36044673, 35868313, 36045621, 36045999, 36046466, 36047120, 36045965, 36039896, 36046679, 36046802, 36046742, 36043916, 36047143, 36045544, 36047074, 36047107, 36046727, 36046408, 36047246, 36034485, 36047245, 36024167, 35935876, 35654713, 36047192, 36045253, 36043350, 36047171, 36047184, 36046848, 34499193, 36046835, 36044788, 36041541, 36043107, 36043975, 36045746, 36046941, 36046319, 36047243, 36045736, 36046579, 36047230, 36047242, 35735415, 36045759, 36041177, 36046740, 36047211, 36047241, 36041133, 36044273, 36045221, 36046607, 36046299, 36047138, 36047240, 36045451, 36044892, 36047063, 36044260, 36038821, 36047239, 36046843, 36040610, 36044965, 35043539, 36047238, 36046710, 36046738, 36045955, 36032331, 36047237, 36045333, 36047236, 36042877, 36044657, 36045018, 36045773, 36047235, 36042988, 36047234, 36047233, 36047232, 36047231, 36020764, 36043871, 36043702, 36047187, 36039566, 36046625, 36020216, 36046654, 36047150, 36045531, 36046530, 35979247, 36046223, 36042474, 36042561, 36047126, 36047099, 36047091, 36046988, 36046508, 36047228, 36047227, 36047226, 32264475, 36046332, 36047102, 36045842, 36045963, 36036634, 36038749, 36044838, 36045788, 36045080, 36039865, 36046948, 36045211, 36047129, 36046660, 31138540, 35662307, 36046191]
['ratchada', '18:30', '18:40', 36046547, 36047132, 36038971, 36044446, 36047180, 36018786, 36047087, 36045965, 36045253, 36047184, 36046579, 36045221, 36038821, 36046223, 36045211]
['rajdumnern', '18:30', '18:40', 36047223, 36047044, 36046768, 36047074, 36046408, 36045746, 36046843]
['isolate', '18:30', '18:40', 36045999, 36047246, 35935876, 36046738, 36045955, 36047235, 36042988, 31138540]
['social', '18:30', '18:40', 36045066, 36044552, 35725802, 36046977, 36031927, 36047067, 36040051, 36046789, 36039958, 36045408, 36047197, 36046582, 36045700, 36018786, 36047119, 36038104, 36047087, 36047107, 36046941, 36045736, 36047240, 36047238, 36032331, 36045773, 36047233, 36020764, 36045531, 36046223, 36045963, 36036634]
['religious', '18:30', '18:40', 36044276, 36044717, 36045531]
['supachalasai', '18:30', '18:40', 36043044, 36047213, 36038908, 36047225, 36046633, 36036496, 36045621, 36046466, 36045544, 36046727, 36034485, 36046835, 36045759, 36045773, 36045842]
['siam', '18:30', '18:40', 36031030, 36044551, 36046098, 36039958, 35983586, 36047106, 36047182, 36047120, 36046802, 36045544, 36043107, 36047211, 36047241, 36044273, 36045451, 36047063, 36047239, 36047238, 36047237, 36047234, 36047231, 36043702, 36045531, 36047226, 36047129]
['lumpini', '18:30', '18:40', 36047252, 36046429, 36044581, 36046449, 36039958, 36044121, 36046829, 36045416, 36047202, 36046742, 36046848, 36046319, 36047240, 36046654]
['sinthorn', '18:30', '18:40', 36045348, 36047220, 36031927, 36041356, 36047044, 36041861, 36046927, 36047074, 36047107, 36046579, 35735415, 36045773, 36020764, 36047187, 36047126, 36046988, 32264475, 36047102]
['silom', '18:30', '18:40', 36045066, 33521774, 33618516, 36041356, 33650390, 35663077, 36041861, 36046942, 36044548, 36046992, 35868313, 36047107, 35735415, 36047240, 36045451, 36044260, 36032331, 36045773, 36047227]
['wahkor', '18:30', '18:40', 36047244, 36047252, 36046449, 36046214, 36047202, 36046614, 36046802, 36046848, 35662307]
['library', '18:30', '18:40', 36046063, 36046675, 36043975, 36047238, 36047237, 36047091, 35662307]
['art', '18:30', '18:40']
