['food', '00:20', '00:30', 36048474, 36044788, 36011847, 36048391, 36048432, 36022469]
['greenzone', '00:20', '00:30']
['camera', '00:20', '00:30', 36048474, 36048221]
['cartoon', '00:20', '00:30', 36046047]
['gallery', '00:20', '00:30', 36045182]
['klaibann', '00:20', '00:30', 36047252]
['jatujak', '00:20', '00:30', 36048463, 36047641, 36047995, 36048076]
['chalermkrung', '00:20', '00:30', 36048080, 36048134, 36048369, 36047991, 36047840, 36046410, 36018844]
['chalermthai', '00:20', '00:30', 36046059, 36047503, 36047973, 36044799, 36044398, 36048401, 36047894]
['family', '00:20', '00:30', 36043487, 36048368, 36041432, 36044038, 36044788, 36047976, 36041608, 35791028, 30511827, 36023786]
['home', '00:20', '00:30', 36048470, 36044940, 36048459, 36045990, 36047503, 36023240, 36041839, 36023096, 36022813, 36022791, 36022730, 36048460, 36046796, 36026521, 36026172, 36026076, 36027538]
['siliconvalley', '00:20', '00:30', 36048439, 30675725, 36047647]
['beauty', '00:20', '00:30', 36048162, 36044151, 36043959, 33042033, 36047063, 36045470, 36047298, 36044403]
['writer', '00:20', '00:30', 36048473, 36048468, 36048379]
['blueplanet', '00:20', '00:30', 35943424, 36048474, 36021642, 36043458, 36046987, 36047718, 36048053, 36044799, 36045182, 36044904, 36047233]
['tvshow', '00:20', '00:30', 36048255, 36047845, 36048399, 36048167, 36040289, 36045922, 36048453, 36048465, 36041639, 36048147, 36046575, 36047957, 36046625]
['bangrak', '00:20', '00:30', 35998246, 36041432, 36000606, 36026256, 36044038, 36048431, 36012984, 36016530, 36018446, 36047890, 36018411, 36045045, 36018283, 36047506, 36018126, 36048469, 36027200, 36018024, 36017933, 36016082, 36012256, 36048286, 36048466, 36023285, 36041608, 36023183, 36021932, 36022563, 36025273, 36025428, 36048196, 36025365, 35791028, 36026344, 36026122, 36026659, 35668520, 36047575]
['horoscope', '00:20', '00:30', 35943424, 36048473, 36048379, 36043521]
['pantip', '00:20', '00:30']
['region', '00:20', '00:30', 35943424, 36047718, 36026076]
['mbk', '00:20', '00:30', 36048439, 36048441, 36048471, 36047647, 36044673, 35965969, 36044552, 36048408, 36046694, 36048261, 35233050]
['all', '00:20', '00:30', 35943424, 36048439, 36048474, 36048255, 36042472, 36047225, 36048473, 30675725, 36048162, 36048388, 36046059, 36048326, 35998246, 36043487, 36046078, 35996982, 36047664, 36048441, 36048368, 36046579, 36041432, 36048463, 36000606, 36021642, 36048054, 36048472, 36006910, 36048080, 36033288, 36044038, 36026256, 36043458, 36044788, 36011847, 36047976, 36048068, 36048006, 36048431, 36012984, 36047845, 36048471, 36043048, 36016530, 36048399, 36048470, 36018446, 36044940, 36047890, 36048167, 36040289, 36047647, 36018411, 36045045, 36046987, 36018283, 36036832, 36048459, 36045990, 36047506, 36018126, 36048003, 36048469, 36027200, 36018024, 36048468, 36045011, 36017933, 36048134, 36044673, 36047458, 36048467, 35965969, 36016082, 36048285, 36019396, 36045922, 36047641, 36047995, 36048369, 31374148, 36012256, 36047503, 36048391, 36047991, 36023240, 36047973, 36048376, 36047840, 36041839, 36023096, 36048379, 36048221, 36048279, 36048286, 36022813, 35346849, 36047718, 36048076, 36022791, 36048466, 36048088, 36022730, 36048053, 36048453, 36048432, 36044799, 36047140, 36022469, 36044552, 36048465, 36044151, 36043521, 36043959, 36023285, 36041608, 36048408, 36023183, 36048464, 36048248, 36021932, 36044398, 36022563, 36048301, 35621430, 33042033, 36047132, 36025273, 36047063, 36048462, 36048461, 36045470, 36025428, 36048401, 36048460, 36041639, 36048196, 36025365, 35791028, 36047298, 36047252, 36046047, 36047894, 36048161, 36026344, 30511827, 36045182, 36047342, 36046410, 36026122, 36047671, 36026582, 36048184, 36018844, 36026659, 36046796, 36048147, 36046575, 35668520, 36046694, 36047957, 36026521, 36044904, 36044403, 36026172, 36048261, 36026076, 36047575, 35233050, 36048445, 36047637, 36046633, 36047906, 36023786, 36047233, 36046625, 36046710, 36046815, 36027538]
['ratchada', '00:20', '00:30', 36042472, 36046579, 36044038, 36043048, 36048003, 36012256, 36047132, 36047575, 36046815]
['rajdumnern', '00:20', '00:30', 36047671]
['isolate', '00:20', '00:30', 36048472, 36033288, 36047140, 36048445]
['social', '00:20', '00:30', 35998246, 35996982, 36000606, 36036832, 36018126, 36048469, 36048467, 36048286, 36044552, 36048301, 36048462, 36018844, 36044904, 36048261, 36047575, 36047906, 36047233]
['religious', '00:20', '00:30', 36036832]
['supachalasai', '00:20', '00:30', 36047225, 36046078, 36047664, 36048054, 36047458, 36048465, 35621430, 36048184, 36047637, 36046633]
['siam', '00:20', '00:30', 35943424, 36026256, 36048068, 36048006, 36048431, 36012984, 36018446, 36047890, 36018411, 36018283, 36047506, 36018126, 36048469, 36017933, 36048467, 36048369, 36048379, 36048279, 36048286, 36048466, 36048088, 36023285, 36041608, 36048464, 36022563, 36025273, 36047063, 36048462, 36048196, 36025365, 36048161, 36026582, 35668520, 36047906]
['lumpini', '00:20', '00:30', 36045011, 36048467, 36019396, 36048461, 35791028, 36047298, 36047252, 36044403, 36048261]
['sinthorn', '00:20', '00:30', 36048388, 36046579, 36047647, 36012256, 36023240, 36048376, 35346849, 36022791, 36047342, 36046796, 36026521, 36026172, 36027538]
['silom', '00:20', '00:30', 36042472, 36048326, 36006910, 36048003, 36017933, 36048285, 31374148, 36048301, 36023786]
['wahkor', '00:20', '00:30', 36048473, 36047995, 36048248, 36047252, 36046710]
['library', '00:20', '00:30', 36048006, 36048468, 36048464]
['art', '00:20', '00:30', 36048463]
