['food', '13:00', '13:10', 36045710, 36042467, 36046029, 36046242, 36042443, 36045963, 36046255, 36044651, 36046169, 36046044, 36045610, 36044196]
['greenzone', '13:00', '13:10']
['camera', '13:00', '13:10', 36043455, 36046005, 36046194, 36046096, 36046234, 36045887, 31057226, 36046227, 36042071, 36045979]
['cartoon', '13:00', '13:10', 36046047, 36044390, 32586726, 36044221, 36045883, 36045161]
['gallery', '13:00', '13:10', 36045069, 36042044, 36046215, 36026130, 36046126, 35992914, 36042071]
['klaibann', '13:00', '13:10', 36046267, 36046266, 36046215, 36044325, 36031030, 36046241]
['jatujak', '13:00', '13:10', 36045333, 33661280, 36043368, 36045853, 36039896]
['chalermkrung', '13:00', '13:10', 36046068, 36046264, 36046254, 36044327, 36046240, 36043061, 36046071, 36045658]
['chalermthai', '13:00', '13:10', 36044390, 36041666, 36043368, 36045161, 36037526]
['family', '13:00', '13:10', 36046068, 36043144, 36045830, 36039913, 36045018, 36014752, 36044080, 36041432, 36043954, 36046245, 36045673, 36046237]
['home', '13:00', '13:10', 31571608, 36046201, 36044405, 36045204, 36040936, 36046235, 36046239, 36045737]
['siliconvalley', '13:00', '13:10', 36042049, 36045670, 36045807, 36046236, 36044405, 36046003, 36046087, 36045704, 36046235, 36026243, 36046244, 36044947, 36045720, 36045705, 36046233, 36046001]
['beauty', '13:00', '13:10', 36042049, 36046242, 36046176, 36044151, 36045400, 36045468]
['writer', '13:00', '13:10', 36046226]
['blueplanet', '13:00', '13:10', 36046266, 36045710, 36021642, 36044818, 36045830, 36045069, 36042044, 36046215, 36045334, 36046194, 36046126, 36042737, 36039189, 35992914, 36043550, 36042777, 36045415, 35849075, 35058209, 36044196, 36033343]
['tvshow', '13:00', '13:10', 36022011, 36046219, 36046016, 36045954, 36046140, 36044936, 36045873, 36045872, 36045404, 36045166, 36046238, 36039189, 36045044, 35989216, 36045658]
['bangrak', '13:00', '13:10', 36043815, 36046249, 36045867, 36046261, 36043107, 36039789, 36045105, 36046160, 36046058, 36045477, 36046198, 36041432, 36046188, 36012256, 36046210, 36040610, 36045756, 36046027, 36046245, 36023833, 36045696, 36045662]
['horoscope', '13:00', '13:10', 36046267, 36042049, 35002913, 36046119]
['pantip', '13:00', '13:10']
['region', '13:00', '13:10', 36042044, 36046194, 36025950, 36046103, 36044196]
['mbk', '13:00', '13:10', 36046153, 35163064, 36041034, 36045680, 32586726, 36046003, 36046257, 36046256, 36026130, 36043384, 36046250, 36046077, 36045280, 36045720, 36045705, 36043926, 36043211, 36045606]
['all', '13:00', '13:10', 36046267, 36041963, 36046161, 31571608, 36043815, 36046266, 36045710, 36046047, 36046068, 36046153, 36045283, 36043144, 36046265, 36045999, 36045943, 36045911, 36046249, 36045644, 36022011, 36042049, 35163064, 36045867, 36046000, 36021642, 36046264, 36045333, 36044818, 36046263, 36045885, 36045779, 36045759, 36046262, 36045830, 36045974, 36046261, 36046051, 36045371, 36046219, 36043455, 36045670, 36045807, 36045069, 36046236, 36041034, 36046260, 36039913, 36045588, 36043107, 36046201, 36045018, 35985918, 36046016, 36039789, 30984761, 36046259, 36042044, 36039609, 36046029, 36046215, 36045913, 36045815, 36045920, 36046157, 34054500, 36045680, 36046258, 36044390, 36045105, 36045954, 36046005, 36046242, 36042443, 36046243, 32586726, 36040105, 36014752, 36044405, 36046003, 36046257, 36041307, 36046160, 36045334, 36046164, 36046252, 35002913, 31217221, 36042549, 36046140, 36046256, 36045842, 36046111, 36046214, 36041666, 36044221, 36045963, 33197519, 33661280, 36044936, 36046194, 36046255, 36046058, 36013705, 36046254, 36017993, 36044327, 36044651, 36046087, 36045873, 36043368, 36046074, 36045205, 36045872, 36046096, 36045477, 36046234, 36046169, 36045853, 36044248, 36045887, 36046253, 36046216, 36044325, 36045646, 36045531, 36045404, 36026130, 36044162, 36044080, 36046176, 36046147, 36045166, 36044365, 36045704, 36045698, 36046126, 36046238, 36042737, 36044151, 36039189, 36046198, 36045044, 36046044, 36035626, 31493097, 36045204, 31057226, 36046226, 36040936, 36043725, 36045116, 36046227, 36044201, 35992914, 36042071, 36041432, 36045610, 36046188, 36046235, 36043384, 32760453, 36046102, 36038760, 36046250, 36012256, 36046240, 36043061, 36046229, 36025950, 36046077, 36043550, 36045883, 36042777, 36045945, 36045161, 36045400, 36046092, 36046248, 36045280, 36046071, 36045468, 36046247, 36043954, 36046210, 36045442, 36040610, 36042240, 36045756, 36031030, 36043757, 36046217, 36045563, 35989216, 36045758, 36046246, 36045979, 36045415, 36046027, 36046245, 35849075, 36026243, 36023833, 36046244, 36044947, 36046142, 36045720, 36045705, 36037526, 36046103, 36043926, 36046233, 35058209, 36045658, 36044196, 36046001, 36046241, 36045673, 36046119, 36033343, 36046239, 36043211, 36046034, 36039896, 36045696, 36045737, 36042196, 36045662, 36046237, 36046223, 36045606]
['ratchada', '13:00', '13:10', 36041963, 36045644, 36045588, 35985918, 36039609, 36045920, 36046258, 36046111, 36044936, 36013705, 36046074, 36044248, 36046147, 36012256, 36046229, 36025950, 36042777, 36045442, 36042240, 36046223]
['rajdumnern', '13:00', '13:10', 36045911, 36046000, 36046262, 36046157, 36046164, 36045698, 36043757]
['isolate', '13:00', '13:10', 36045999, 36041307, 36044162, 36046248]
['social', '13:00', '13:10', 36043815, 36045885, 36046260, 36045588, 36046201, 36046029, 36046157, 36046258, 36040105, 36014752, 36046252, 36042549, 36045963, 36044325, 36045531, 36044080, 36039189, 36046102, 36045945, 36045758, 36046246, 36026243, 36045720, 36045705, 36044196, 36046239, 36046034, 36042196, 36046223]
['religious', '13:00', '13:10', 36045885, 36046051, 36045531]
['supachalasai', '13:00', '13:10', 36046161, 36045283, 36045943, 36045759, 36039609, 36045913, 36045815, 36045842, 36013705, 36045646, 36040936, 36043725, 36045116, 36046092, 36045563]
['siam', '13:00', '13:10', 36043815, 36045371, 36046201, 30984761, 36045105, 31217221, 33197519, 36046058, 36017993, 36045531, 36044365, 31493097, 36038760, 36046210, 36045756, 36031030, 36046246, 36023833, 36046233, 36046119, 36042196]
['lumpini', '13:00', '13:10', 36039609, 36045815, 36046242, 36043368, 36046216, 36046176, 36040936, 36045945, 36045468, 36045758, 36042196]
['sinthorn', '13:00', '13:10', 36046265, 36046263, 36045779, 36045588, 36046259, 34054500, 36046243, 36046074, 36046253, 36045204, 36043384, 32760453, 36012256, 36043757, 36045758, 36046246, 36046142]
['silom', '13:00', '13:10', 36046265, 36045974, 36046029, 31217221, 36045205, 36046169, 36046216, 36044080, 36044365, 36039189, 31493097, 32760453, 36046247, 36046142, 36046103]
['wahkor', '13:00', '13:10', 36046214, 36043368, 36045698, 36045116, 36044201, 36043061]
['library', '13:00', '13:10', 36045644, 36046051, 36042443, 36017993, 36044365, 36035626, 36046226, 36044201, 32760453, 36043061, 36046217, 36046119]
['art', '13:00', '13:10']
