['food', '09:10', '09:20', 36048432, 36047958, 36046829, 34427080, 35191564, 36029123, 36048783, 36048841, 36038660, 36048350]
['greenzone', '09:10', '09:20']
['camera', '09:10', '09:20', 36048535, 36048732, 36048943, 36047500, 36047437, 36048311, 36048878]
['cartoon', '09:10', '09:20', 36048277, 36046588]
['gallery', '09:10', '09:20', 36048535, 36048943, 36046679, 35976814, 36048311, 36048878]
['klaibann', '09:10', '09:20', 36042011, 36045774, 36048923, 35202411, 36048880, 36046829, 35624204, 36048866]
['jatujak', '09:10', '09:20', 36048681, 36043175, 36046977, 36041572]
['chalermkrung', '09:10', '09:20', 36047840, 36048845, 36047337, 36046312, 36047511, 36047818, 36046975, 36047557, 36042877]
['chalermthai', '09:10', '09:20', 36048140, 36048101, 36048849, 36038169]
['family', '09:10', '09:20', 36048556, 36048952, 36046189, 36048948, 36048939, 36047217, 36045018, 36048806]
['home', '09:10', '09:20', 36048940, 36043604, 36045535, 36048925, 36045215, 36047425, 36047099, 36048719, 36046977, 36041572]
['siliconvalley', '09:10', '09:20', 36048919, 36048627, 36048293, 36046451, 36048585, 36048765, 36048754, 36048896, 36048843, 36048277, 36048898, 36048933, 36047949, 36048771, 36048557]
['beauty', '09:10', '09:20', 36047825, 36047488, 36045231, 36048845, 36048796, 36048877, 36047217, 36048687, 36048457, 36045470, 36044151, 36048831, 36045222, 36048930, 36038660]
['writer', '09:10', '09:20', 36048666, 36045647, 36048468]
['blueplanet', '09:10', '09:20', 36044140, 36039189, 36043269, 36046218, 36044818, 36048948, 36048801, 36047833, 36048894, 36048943, 36048880, 36046762, 36046679, 35976814, 36043495]
['tvshow', '09:10', '09:20', 36042028, 36039189, 36044659, 36048845, 36046590, 36048453, 36048140, 36048822, 36047105, 36048500, 36036960]
['bangrak', '09:10', '09:20', 36048952, 36048950, 36048905, 36048786, 36048523, 36048716, 36048647, 36048583, 36043107, 36048831, 36048674, 36048914, 36037886]
['horoscope', '09:10', '09:20', 36048670, 36048871, 36048938, 36040397]
['pantip', '09:10', '09:20']
['region', '09:10', '09:20', 36044140, 36043269, 36043495]
['mbk', '09:10', '09:20', 34087263, 36048909, 36048888, 36048910, 35248909, 36047694, 36048765, 36048512, 36047645, 36023870, 36047774, 36048604, 36048872, 36048907, 36048277, 36048898, 36048471, 36048812, 36048856, 36048931]
['all', '09:10', '09:20', 36048817, 36048919, 36047820, 36048556, 36047840, 36048952, 36045702, 36047825, 36048627, 36047488, 36048681, 36048126, 36042028, 36044140, 36046189, 36048535, 36046933, 36048951, 36045231, 36039189, 36043269, 36048950, 34087263, 36047313, 36048940, 36046218, 36048949, 36048464, 36048905, 36048775, 36044818, 36048432, 36048948, 30864621, 36043008, 36042011, 36048666, 36044659, 36048694, 36048845, 36047337, 36048947, 36048764, 36043175, 36045774, 36048939, 36048946, 36048699, 36048909, 33068443, 36046590, 36048801, 32076423, 36048816, 36048670, 36048923, 36048796, 36048293, 36047833, 36048945, 36048707, 36048877, 36034485, 36046451, 36047217, 36048894, 36048453, 35202411, 36048888, 36043604, 36048786, 36048140, 36048879, 36048687, 36048871, 36045535, 36048944, 36045431, 36048732, 36048523, 36048842, 36048716, 35248909, 36048910, 36048943, 36048912, 36048658, 36048854, 36048925, 36048880, 36045718, 36048585, 36048101, 36048708, 36047694, 36045215, 36046829, 36047958, 36048692, 36048765, 36044635, 36048647, 36048938, 36048569, 36048822, 36048183, 36044121, 36048210, 36048583, 36048512, 36048936, 36040397, 36048807, 36048754, 36047425, 36048522, 36048942, 36048457, 36047645, 36048941, 36045646, 35624204, 36023870, 36047774, 36048773, 36039867, 36046762, 36037583, 36045647, 36046312, 36048932, 36045470, 36043107, 34427080, 36048897, 36048604, 36048872, 36048927, 36047105, 36047968, 36048937, 36048476, 36047511, 36047040, 36048389, 36048760, 36002137, 36048860, 36048907, 36048935, 36048849, 36048896, 36047818, 36044151, 36048831, 36048843, 36047099, 36048934, 36048277, 36048898, 35191564, 36048933, 36046710, 35233871, 36047500, 36048166, 36048471, 36045018, 36047437, 36046975, 36048674, 36048468, 36048914, 36045037, 36046727, 36048906, 36048806, 36048812, 36047949, 36048500, 36048719, 36048856, 36046679, 36048904, 36048761, 36048771, 36047557, 36048557, 36046588, 36048866, 35976814, 36029123, 36048284, 36048311, 36043495, 36037886, 36045222, 36046977, 36047637, 36048813, 36038169, 36048783, 36048931, 36048000, 36048930, 36048804, 36046074, 36036960, 36041572, 36048841, 36038660, 36042877, 36048878, 36048350]
['ratchada', '09:10', '09:20', 36048556, 36046933, 36043008, 36048947, 36048801, 36047833, 36048912, 36048854, 36045718, 36048942, 36048476, 36047040, 36048934, 35976814, 36048000, 36046074]
['rajdumnern', '09:10', '09:20', 36048923, 36037583, 36048813]
['isolate', '09:10', '09:20', 36048946, 36048927]
['social', '09:10', '09:20', 36039189, 36048949, 36048775, 36048909, 32076423, 36048523, 35248909, 36048692, 36048183, 36048210, 36047645, 36039867, 36048872, 36048896, 36046977, 36048000]
['religious', '09:10', '09:20', 36048126, 36039867, 36048806]
['supachalasai', '09:10', '09:20', 36047820, 36048556, 36045702, 36047825, 36048945, 36034485, 36048879, 36048708, 36048569, 36048807, 36048522, 36045646, 36048932, 36048897, 36048476, 36002137, 36048166, 36046727, 36048906, 36048904, 36047637, 36048804]
['siam', '09:10', '09:20', 36048951, 36048950, 36048464, 36048905, 30864621, 35202411, 36048786, 36045431, 36048647, 36048183, 36048583, 36040397, 36048941, 36043107, 36048914, 36037886, 36048783]
['lumpini', '09:10', '09:20', 36047820, 36047825, 36047488, 36048796, 36047217, 36048687, 36046829, 36044121, 36048183, 36039867, 36047968, 36047040, 36048935, 36048831, 36029123, 36048284, 36048841, 36038660]
['sinthorn', '09:10', '09:20', 36048817, 36048775, 36048694, 36048764, 36048699, 32076423, 36048816, 36048923, 36048707, 36048944, 36048523, 36048842, 36048658, 36048925, 36048936, 36048937, 36048860, 36048849, 35233871, 36045037, 36048719, 36048761, 36046074]
['silom', '09:10', '09:20', 36039189, 36048949, 36042011, 33068443, 32076423, 36048523, 36048773, 36048389, 35233871, 36048719, 36048783]
['wahkor', '09:10', '09:20', 36047313, 36048923, 36048760, 36046710]
['library', '09:10', '09:20', 36048464, 36048845, 36045774, 36044635, 36048938, 35624204, 36048760, 36048468, 36048866]
['art', '09:10', '09:20']
