['food', '14:20', '14:30', 36046453, 36045710, 36046455, 36046029, 36045731, 36046463, 36044588]
['greenzone', '14:20', '14:30', 36046465]
['camera', '14:20', '14:30', 35382635, 36046096, 36023355, 36046448, 36046447]
['cartoon', '14:20', '14:30', 36044801, 36044390, 36043597, 36046191, 36045161, 36038195, 36046099]
['gallery', '14:20', '14:30', 36041458, 36040945, 36046414]
['klaibann', '14:20', '14:30', 36040051, 36046479, 36046241, 36046386, 36043073, 36046108, 36046462, 36046315, 36044588, 36046231]
['jatujak', '14:20', '14:30', 36045333, 36045311, 36039896, 36038962, 36046196]
['chalermkrung', '14:20', '14:30', 36046410, 36046312, 36043949, 36043102, 36045658, 36045143, 36045951, 36045994, 36046056, 36046071]
['chalermthai', '14:20', '14:30', 36046307, 36044756, 36044390, 36044801, 36042836, 36044914, 36044949, 36044995, 36045161, 36045229, 36038195, 36046225, 36041666, 36046462, 36046281]
['family', '14:20', '14:30', 36038432, 36043367, 36045018, 36046189, 36041432, 36044080, 36044568, 36040051, 36045697, 36046237, 36045671, 36046460, 36046303, 36045830, 36046245, 36044038, 36038962, 36046342, 36041608]
['home', '14:20', '14:30', 36028879, 36046235, 36029883, 36046485, 36043464, 36044405, 32976247, 36045493, 36046469, 36046387, 36042370, 36046066, 36030102, 36035463, 36033220, 36045690]
['siliconvalley', '14:20', '14:30', 36045817, 36036634, 36046235, 36044405, 36043949, 36028315, 36023355, 36046233, 36039902, 36046038, 33285087, 36046447, 36046191, 36046467, 36046433, 36034735, 36045039, 36044099]
['beauty', '14:20', '14:30', 36044151, 36046189, 36044457, 36043953, 36045170, 36044008, 36046178, 36019835, 36042817, 36042519]
['writer', '14:20', '14:30', 36045889, 36045607]
['blueplanet', '14:20', '14:30', 36045710, 36046355, 36041458, 36045700, 36044818, 36046395, 36045801, 36045425, 36046481, 36029014, 36040945, 36046386, 36043073, 36046303, 36045830, 36046108, 36046414, 36041253, 36046315, 36046231]
['tvshow', '14:20', '14:30', 35999342, 36035918, 36020320, 36045044, 36046219, 36044263, 36044041, 35992637, 36044923, 36046354, 36043102, 36044505, 36045881, 36045658, 36044659, 36042817, 36046405, 36046063, 36046362, 36046462, 36043714, 36044991, 36044480, 36040354, 36046238, 36044514]
['bangrak', '14:20', '14:30', 36025428, 36046474, 36040610, 36046027, 36046428, 36041432, 35303157, 36045168, 36046198, 36046179, 36046406, 36046478, 36045865, 36046383, 36043713, 36045671, 36043107, 36044564, 36046460, 36046245, 36046468, 36045889, 36044038, 36046133, 36046061, 36046314, 36041608, 36046457, 36044582, 36029256, 36045761]
['horoscope', '14:20', '14:30', 36046413, 36046340, 36008231, 34238408, 36035082, 36034615, 36043544, 36036872, 36043521, 36046462, 36046133, 33939838, 36045929]
['pantip', '14:20', '14:30', 36046405]
['region', '14:20', '14:30', 36046485, 36040945, 36046465, 36046414, 36046454]
['mbk', '14:20', '14:30', 36046461, 36042655, 36046473, 36046464, 36039806, 36041034, 36046038, 36046416, 36046470, 36045606, 36044506, 36044987, 36043878, 36045680, 36046391, 36046301, 36034735, 36046421, 36045039]
['all', '14:20', '14:30', 35382635, 36038432, 36046408, 36046413, 36045842, 36046461, 36028879, 36045817, 36043367, 36025428, 36044151, 36039924, 36046307, 36042655, 36046432, 36046410, 36046473, 36036634, 36046340, 36046474, 36046486, 36046453, 36044756, 36046312, 36045710, 30874724, 36008231, 36042988, 36046480, 36040610, 36046235, 36046027, 36045600, 36046428, 36046263, 35999342, 36029883, 34238408, 36046485, 36041458, 36045333, 36041432, 36045413, 36046073, 36046484, 36046418, 36044080, 36044390, 36044801, 36035918, 35303157, 36046456, 36045348, 36043464, 36046438, 36046464, 36039806, 30673030, 36020320, 36035082, 36044548, 36037209, 36045700, 36045311, 36045044, 36044457, 36039896, 36044818, 36045168, 36046395, 36045885, 36043953, 36046198, 36045801, 36045772, 36046219, 36046483, 36034615, 36042836, 36046062, 36045425, 36046179, 36044405, 36046164, 36046482, 36043949, 36044789, 36044568, 36046478, 36028315, 36046481, 36045865, 31802644, 36043597, 36041837, 36040051, 36046096, 36046311, 36023355, 36046477, 36046448, 36044914, 36045170, 36044263, 36046014, 36044041, 36046233, 36045697, 36039902, 36043544, 36046163, 36029014, 36044949, 36041034, 36046038, 35992637, 36046479, 36044995, 33285087, 36046447, 32976247, 36044008, 36046383, 36046191, 36046237, 36045221, 36046253, 36046374, 36045371, 36043713, 36046241, 36045493, 36045161, 36044012, 36040945, 36044923, 36046386, 36045229, 36046416, 36046476, 36046178, 36046475, 36019835, 36043073, 36045671, 36043107, 36046466, 36036872, 36043354, 36046354, 36045672, 36043102, 36046469, 36044505, 36044564, 36045881, 36046472, 36046460, 36046029, 36046303, 36045658, 36046245, 36045830, 36046471, 36035963, 36045143, 36045860, 36046470, 36038195, 36046114, 36044659, 36046468, 36042817, 36045889, 36046467, 36045951, 36045305, 36046108, 36046099, 36046157, 36046358, 36046387, 36046405, 36040627, 36042611, 36046465, 36046362, 36042370, 36046063, 36044038, 36045994, 36045606, 36046066, 36042519, 36030102, 36046414, 33645830, 36045731, 36046246, 36039347, 36045035, 36038962, 36043521, 36041927, 36046196, 36041356, 36046342, 36046040, 36046427, 36044283, 36046225, 36046463, 36044506, 36045355, 36041666, 36045698, 36046462, 36041253, 36046133, 33939838, 36043714, 36046433, 36044987, 36046281, 36040236, 36035463, 36046061, 36043878, 36046314, 36041608, 36045680, 36046459, 36046391, 36044991, 36046315, 36044480, 36044588, 36033220, 36046458, 36046457, 36046359, 36046056, 36045650, 36040354, 36044582, 36046301, 36046449, 36045416, 36045340, 36043737, 36045531, 36046216, 36046317, 36046238, 36034735, 36046421, 36046262, 36044514, 36029256, 36045607, 36046071, 36045929, 36046452, 36043126, 36045690, 36045761, 36023378, 36045039, 36046231, 36044099, 36046454]
['ratchada', '14:20', '14:30', 36039924, 36046438, 36043544, 36045221, 36046374, 36046108, 36044038, 36046359, 36045340, 36043737]
['rajdumnern', '14:20', '14:30', 36046408, 36046164, 36046157, 36045698, 36046262]
['isolate', '14:20', '14:30', 36042988, 36046482, 33645830]
['social', '14:20', '14:30', 36043367, 36036634, 36044080, 36046456, 36043464, 36045885, 36042836, 36046062, 36044789, 36046478, 31802644, 36040051, 36046448, 36039902, 36046386, 36046029, 36035963, 36046157, 36042611, 36046246, 36045035, 36038962, 36046314, 36046301, 36045531, 36043126]
['religious', '14:20', '14:30', 36045885, 36046062, 36046040, 36044283, 36040236, 36045531, 36045929]
['supachalasai', '14:20', '14:30', 36045842, 36041837, 36046014, 36046163, 33285087, 36046476, 36046475, 36046466, 36043354, 36046114, 36039347, 36045650, 36045340]
['siam', '14:20', '14:30', 30874724, 35303157, 36046198, 36046483, 36046478, 36045865, 36046311, 36046233, 36046383, 36045371, 36043713, 36044012, 36043107, 36036872, 36045860, 36046468, 36045889, 36040627, 36046246, 36045035, 36045355, 36041253, 36041608, 36045531]
['lumpini', '14:20', '14:30', 36043367, 36045413, 36044568, 36046478, 36041837, 36019835, 36046472, 36040627, 36042519, 36046061, 36046449, 36045416, 36046216, 36046317, 36023378]
['sinthorn', '14:20', '14:30', 36046432, 36046480, 36045600, 36046263, 36046484, 36046073, 36046418, 36046456, 36045348, 36046438, 36037209, 36045700, 36046477, 36046448, 36046253, 36045672, 36046303, 36046358, 36046387, 36042370, 36046066, 36045731, 36046246, 36041927, 36041356, 36040236, 36046459, 36046315, 36046317, 36046452]
['silom', '14:20', '14:30', 36046453, 36044080, 30673030, 36044548, 36045425, 31802644, 36046472, 36046029, 36046303, 36045731, 36041927, 36041356, 36046427, 36045355, 36040236, 36046458, 36046216, 36046317]
['wahkor', '14:20', '14:30', 36046486, 36045772, 36046471, 36045305, 36045698, 36046449]
['library', '14:20', '14:30', 36046486, 36046483, 36042836, 36046062, 36045860, 36045305, 36040627, 36046063, 36038962, 36045607]
['art', '14:20', '14:30', 36045817, 36046307, 36046395, 36044099]
