['food', '08:30', '08:40', 36048859, 36048783, 36046836, 36048841, 36044581, 36045451, 36044819, 36046959, 36046556, 36044788, 36038937, 33154508, 36045710, 36042179, 36048350]
['greenzone', '08:30', '08:40']
['camera', '08:30', '08:40', 36048535]
['cartoon', '08:30', '08:40', 36048818, 36048515, 36043597, 36046047]
['gallery', '08:30', '08:40', 36048535, 36046556, 36047917]
['klaibann', '08:30', '08:40', 36045940, 36047880]
['jatujak', '08:30', '08:40', 36048681, 36045853]
['chalermkrung', '08:30', '08:40', 36047511, 36044892, 36048845, 36047569, 36047618, 36047978, 36048485, 36047167]
['chalermthai', '08:30', '08:40', 36041666, 36047894, 36048744, 36046638, 36048849]
['family', '08:30', '08:40', 36048524, 36048752, 36048556, 36044788, 36044038, 36048806, 36048758, 36048750, 36048739]
['home', '08:30', '08:40', 36047425, 36048198, 36044185]
['siliconvalley', '08:30', '08:40', 36048557, 36048439, 36047315, 36048198, 36048753, 36048725, 36048757, 36048370, 36048762, 36047325, 36047880, 36045848, 36047986, 36048747, 36047814, 36048771, 36048843]
['beauty', '08:30', '08:40', 36048845, 36048576, 36044403, 36044457, 36048831, 36048758, 36045222]
['writer', '08:30', '08:40', 36047591]
['blueplanet', '08:30', '08:40', 35967109, 36044681, 36048405, 36048858, 36046762, 36046925, 36047754, 36048851, 36048173, 36045710, 36048587, 36048801, 36048319, 36047917]
['tvshow', '08:30', '08:40', 36042028, 36048114, 36048845, 36048167, 36041639, 36047978, 36048736, 35917459, 36048485, 36046219, 36048848, 35976099]
['bangrak', '08:30', '08:40', 36031582, 36038570, 36048524, 36045940, 36048752, 36048629, 36045459, 35276626, 36048536, 36048534, 36044038, 36048647, 36048505, 36048831, 36048583, 36046773]
['horoscope', '08:30', '08:40', 36048670, 36046413, 36048847, 36048811]
['pantip', '08:30', '08:40', 36048850]
['region', '08:30', '08:40', 36048858, 36048851, 36048587, 36043563, 36047917]
['mbk', '08:30', '08:40', 36048439, 36048818, 36047177, 36048856, 30270830, 36048725, 36048444, 36048325, 36047263, 36048703, 36048846, 36048547, 36048747, 36048261]
['all', '08:30', '08:40', 36031582, 36047888, 36048535, 36047464, 36048734, 35967109, 36048087, 36047425, 36048337, 36048670, 36038570, 36048855, 35247117, 36042028, 36048770, 36048524, 36048859, 36048681, 36048054, 36048388, 36047511, 36048708, 36045940, 36048557, 36045496, 36048752, 36048741, 36041666, 36044892, 36048783, 36044681, 36047894, 36048439, 36048723, 36046836, 36048629, 36048764, 36048556, 36048210, 36034693, 36048405, 36048114, 36048858, 36048366, 36048845, 36047315, 36048576, 36047569, 36047869, 36046413, 36048841, 36048818, 36048772, 36045459, 36046762, 36044581, 36047177, 36048167, 36048659, 36048198, 36048753, 36041639, 35276626, 36048857, 36045221, 36048856, 35463423, 36045451, 36048781, 36047618, 36044819, 36048536, 30270830, 36048725, 36046925, 36046959, 36048534, 36048757, 36048444, 36048640, 36048744, 36046556, 36044788, 36019896, 36048325, 36047591, 36048854, 36048694, 36046738, 36048807, 36048737, 36044038, 36047978, 36048791, 36044403, 36048122, 36048647, 36048853, 36044457, 36044185, 36048852, 36048505, 36047754, 36048736, 36048370, 36045465, 36048515, 36048851, 36048850, 36048285, 36048797, 36048831, 35917459, 36038937, 36046638, 36048787, 36048173, 36048485, 36048823, 36046219, 36044105, 36048720, 36048849, 36048191, 36047692, 33154508, 36048817, 36048762, 36048848, 36045710, 36047325, 36043195, 36048587, 36047901, 36047263, 36048775, 36048806, 36048658, 36048758, 36048271, 36048801, 36048583, 36047880, 36048836, 36048847, 36048183, 36043597, 36045848, 36048750, 36048703, 36045222, 36047986, 36048846, 36048051, 36042024, 36043563, 36044329, 36048811, 36048547, 36048739, 36046812, 36048259, 35976099, 36048747, 36047291, 36037764, 36046773, 36042179, 36048319, 36048350, 36047814, 36048261, 36047167, 36045853, 36048771, 36046047, 36047917, 36046404, 36048844, 36045842, 36048843]
['ratchada', '08:30', '08:40', 36047464, 36048337, 36048556, 36048858, 36048857, 36045221, 36048854, 36044038, 36048791, 36048851, 36048823, 36044105, 36047692, 36048801, 36046812, 36048319]
['rajdumnern', '08:30', '08:40', 36048087, 36048770, 36047291]
['isolate', '08:30', '08:40', 35247117, 36046738, 36048122, 36043195]
['social', '08:30', '08:40', 36047888, 36038570, 36048524, 36046836, 36048210, 36048536, 36046959, 36046556, 36048775, 36048183, 36045848, 36048739, 36048259, 36048261]
['religious', '08:30', '08:40', 36045496, 35463423, 36048806, 36048844]
['supachalasai', '08:30', '08:40', 36048855, 36048054, 36048708, 36048741, 36048556, 36034693, 36048772, 36048659, 36048781, 36048807, 36048737, 36048852, 36045465, 36044105, 36048836, 36046404, 36045842]
['siam', '08:30', '08:40', 36031582, 36047888, 36048734, 36048783, 36048629, 35276626, 36045451, 36048536, 36048534, 36048647, 36048191, 36048583, 36048183, 36042024, 36048259]
['lumpini', '08:30', '08:40', 36047888, 36038570, 36048576, 36048841, 36044581, 36044403, 36048831, 36048758, 36048183, 36048051, 36044329, 36048261]
['sinthorn', '08:30', '08:40', 36048388, 36048723, 36048764, 36048640, 36048694, 36048791, 36048853, 36048505, 36048787, 36048849, 36048817, 36047901, 36048775, 36048658, 36048271, 36042179]
['silom', '08:30', '08:40', 36048783, 36046836, 36045451, 36048640, 36019896, 36048285, 36047901, 36042179]
['wahkor', '08:30', '08:40', 36048752, 36048366, 36047869, 36048841, 36048818, 36048797, 36048720, 36047880, 36048051, 36044329, 36048811, 36037764]
['library', '08:30', '08:40', 36048845, 36046556, 36048191, 36042024, 36048811, 36048259]
['art', '08:30', '08:40', 36048818]
