['food', '15:00', '15:10', 36044106, 36040342, 36046455, 36046607, 36044752, 36042293, 36046453, 36044788, 36045155, 36046169, 36046255, 36031927, 36046556, 36045757, 34704442]
['greenzone', '15:00', '15:10']
['camera', '15:00', '15:10', 36046096, 36046448, 36040860, 34112882]
['cartoon', '15:00', '15:10', 36046588]
['gallery', '15:00', '15:10', 31042119, 36040860, 36046594, 36033971, 36046556]
['klaibann', '15:00', '15:10', 36046613, 36046386, 36046586, 36042011]
['jatujak', '15:00', '15:10', 36046605, 36046597, 36045311, 36045333, 36046577]
['chalermkrung', '15:00', '15:10', 36041481, 36046007, 32328198, 36037760, 36046410, 35177658, 36046593, 36046181, 36045962, 36046515, 36046581, 36046578]
['chalermthai', '15:00', '15:10', 36046585, 36045229, 36046587, 36044335]
['family', '15:00', '15:10', 36045830, 36046582, 36041432, 36046585, 36036898, 36046607, 36044080, 36045018, 36046189, 36046586, 36044788, 30986597, 36043108]
['home', '15:00', '15:10', 36046149, 36043035, 36041162, 36046201, 36044833, 36045215, 36039016, 36046324, 36039015, 36046423, 36046469, 35151410, 36046536, 36036742, 36037062, 36037855]
['siliconvalley', '15:00', '15:10', 36046424, 36046534, 36043035, 36046610, 36044098, 36046604, 36046495, 36046003, 36046546, 36046580, 36046570, 36043463, 36046507, 36044688, 36046012]
['beauty', '15:00', '15:10', 31032938, 31647583, 36043014, 36036738, 31042119, 36046319, 31057368, 36045878, 30547611, 36046189, 30986597, 36046598, 35661597, 36043108, 36043264, 36043894, 36044876, 36032384, 36046576]
['writer', '15:00', '15:10']
['blueplanet', '15:00', '15:10', 36046613, 36045830, 36046455, 36046612, 36046386, 36046608, 36046230, 36046506, 36046422, 36046565, 36046218, 36045801, 36045941, 36033971, 36044818, 36046397, 36045506, 36046545, 36045966]
['tvshow', '15:00', '15:10', 36034534, 36037475, 36046140, 36046555, 36044198, 36046575, 35989216, 36044659, 36043731, 36046590, 36022011, 36044965, 36046354, 36044239, 36044936, 36046063, 36044169, 36046533, 36046299, 36046089, 36046405, 36046583, 36043017, 36046362, 36046101, 36045873, 36044212, 36043943]
['bangrak', '15:00', '15:10', 36045971, 36040610, 36046198, 36045328, 36046478, 36046573, 36041432, 36046437, 36046511, 36046428, 36046205, 36045867, 36045761, 36046602, 36046468, 36045696, 36046596, 36046436, 36023833, 36046490, 36046474, 36043107, 36046314]
['horoscope', '15:00', '15:10', 36044224, 36040397, 36046413]
['pantip', '15:00', '15:10', 31399472, 36046587, 36046405, 36045038]
['region', '15:00', '15:10', 36046455, 36046612, 36046606, 36046230, 34818015, 36046594, 36043475, 36046576]
['mbk', '15:00', '15:10', 36042724, 36045878, 36046603, 36040860, 36046291, 36045070, 36046003, 36044673, 35267783, 36043878, 36045680, 36046012, 35918082, 36045615, 36011097, 36046320, 36045890]
['all', '15:00', '15:10', 36046096, 31032938, 36045402, 36046613, 36046164, 36045830, 36038104, 36046424, 36044106, 36045971, 36046534, 31647583, 36046459, 36040342, 36046149, 36046601, 36043035, 36043014, 36044493, 36046455, 36034534, 36046208, 36036738, 31042119, 36046319, 36042724, 36046612, 36041162, 36045943, 36046201, 36037475, 36044833, 36040610, 36046198, 36046432, 36046611, 31057368, 36046584, 36044528, 36045328, 36045878, 36046582, 36045215, 36046140, 36046555, 36042824, 36046610, 36046478, 36045348, 36046513, 36044198, 36042472, 36039016, 36046408, 36033848, 36046573, 36046324, 36046603, 30547611, 36042333, 36046547, 36041432, 36046595, 36046386, 36046575, 35989216, 36046609, 36044283, 36046437, 36046608, 36046585, 36046438, 36036717, 36039015, 32752076, 36045698, 36042745, 36044659, 36046511, 36036898, 36045746, 36045653, 36046607, 36043731, 36046404, 36046448, 36045229, 36046428, 36046205, 36045371, 36040860, 36044080, 35360146, 36046606, 36046482, 36046590, 36044752, 36046605, 36042293, 36044098, 36046291, 36044224, 36045758, 36045018, 31399472, 36045070, 36046604, 36046495, 36046230, 36045867, 36022011, 36046003, 36044673, 36046423, 36046602, 36046453, 36009396, 36046506, 36046469, 36044965, 36046422, 36046189, 36046586, 36046600, 36046546, 36046354, 36046048, 36045498, 36046580, 36046565, 32328198, 36044788, 34818015, 36046218, 30986597, 36046425, 36015105, 36044239, 36044697, 36045546, 36045155, 32067342, 36044072, 36045137, 36046599, 36044936, 35267783, 36046468, 36046598, 36046063, 36046144, 35661597, 36046597, 36045660, 36042011, 36045696, 36043108, 36040397, 35151410, 36037760, 36028086, 36045738, 36046410, 36044169, 36043264, 35177658, 36046570, 36046596, 36045311, 36043463, 36046325, 36046536, 36043878, 30614553, 36045801, 36043156, 36046507, 36045989, 36045941, 36043962, 36046436, 30621513, 36046169, 36046594, 36046533, 36046593, 36035934, 36023833, 36044077, 36046413, 36045680, 36044688, 36043894, 36033971, 36044818, 36046591, 35951921, 36046299, 36046397, 36046089, 36046111, 36046012, 35918082, 36044876, 36045333, 36046181, 36046588, 36046587, 36046405, 36046255, 36045962, 36046472, 36045038, 36046583, 36046490, 36031927, 36044335, 36046474, 36045615, 36046367, 36043475, 36046515, 36043017, 36046581, 36046556, 36046538, 36046578, 36046223, 36046362, 36046025, 35997156, 36036742, 36045506, 36011097, 36046101, 36043107, 36045873, 36045974, 36046487, 36045757, 36046579, 34704442, 36037062, 36046258, 36046545, 30473817, 36032384, 36044548, 36046320, 36044745, 34112882, 36045890, 36046314, 36044789, 36046577, 36046253, 36046576, 36044249, 36044212, 36045966, 36045331, 36037855, 36045600, 36043943, 36044827, 36045702]
['ratchada', '15:00', '15:10', 36040342, 36042724, 36046611, 36042472, 36033848, 36046547, 36046608, 36046438, 36009396, 36046565, 36046599, 36044936, 36046325, 36046111, 36046223, 36046579, 36046258, 36044249, 36045966, 36045331]
['rajdumnern', '15:00', '15:10', 36046164, 36046208, 36046408, 36045698, 36045746]
['isolate', '15:00', '15:10', 36042824, 35360146, 36046482, 36045989, 36046591]
['social', '15:00', '15:10', 36038104, 36040342, 36046611, 36046582, 36046478, 36046573, 36046603, 36042333, 36046595, 36046386, 36036717, 36036898, 36045653, 36046448, 36044080, 36045758, 36046586, 36046580, 36044697, 36044072, 36043463, 36046536, 36031927, 36046556, 36046223, 36045506, 36046487, 36046258, 34112882, 36046314, 36044789, 36044827]
['religious', '15:00', '15:10', 36046555, 36046609, 36044283, 30614553, 36043156, 36043962, 36035934, 36044077]
['supachalasai', '15:00', '15:10', 31647583, 36044493, 36045943, 36045878, 30547611, 32752076, 36046404, 36045137, 32067342, 36046144, 36043108, 36046536, 36046367, 36046538, 36045702]
['siam', '15:00', '15:10', 36046582, 36046478, 36046573, 36046437, 36036898, 36045371, 36046602, 36046468, 36045660, 36040397, 36045738, 36046596, 36046436, 36023833, 35951921, 36046474, 36043107, 30473817, 36044827]
['lumpini', '15:00', '15:10', 31032938, 36045971, 31647583, 31042119, 36046319, 36044833, 31057368, 36045878, 36046478, 30547611, 36042333, 36036717, 32752076, 36036898, 36045758, 36046586, 30986597, 36043108, 36043264, 36043894, 36046472, 36046367, 36046538, 35997156]
['sinthorn', '15:00', '15:10', 36046459, 36046601, 36046432, 36046584, 36044528, 36045348, 36046513, 36046438, 36042745, 36046448, 36045758, 36045498, 36045546, 36044072, 35151410, 36031927, 36046025, 36046579, 36046253, 36045600]
['silom', '15:00', '15:10', 36044106, 36042472, 36036717, 36042745, 36044080, 36046453, 36046586, 36015105, 36044072, 36042011, 36028086, 30621513, 36046169, 36046472, 36045506, 36045974, 36044548, 36044745, 36044249]
['wahkor', '15:00', '15:10', 36045402, 36044833, 36045698, 36046048, 36046425, 36044745]
['library', '15:00', '15:10', 36045402, 36046555, 36043731, 36046425, 36046063, 36046556]
['art', '15:00', '15:10', 36046600]
