['food', '14:40', '14:50', 36044788, 36046453, 36045731, 36044196, 36046535, 36045610, 36046029, 36044819]
['greenzone', '14:40', '14:50', 36046542]
['camera', '14:40', '14:50', 36046448, 36044615]
['cartoon', '14:40', '14:50', 31512724, 36045208, 36042590, 36036929, 36046446, 36043925]
['gallery', '14:40', '14:50', 36046126, 35954571, 36046215]
['klaibann', '14:40', '14:50', 36045894, 36040051, 36046386, 36046215, 36046521]
['jatujak', '14:40', '14:50', 36045333, 36046544, 36046542, 36045311, 36045930, 36043477, 36044153]
['chalermkrung', '14:40', '14:50', 36046312, 36046015, 36046410, 36044956, 36046068, 36029291, 36045658, 36044217]
['chalermthai', '14:40', '14:50', 31512724, 35980315, 36045208, 36029291, 36035532, 36044658, 36038169]
['family', '14:40', '14:50', 36044080, 36041432, 36044788, 36046068, 36045018, 36046245, 36046189, 36040051, 36044038, 36045597, 36025512]
['home', '14:40', '14:50', 36037220, 36046544, 36046542, 36045869, 36046536, 36045930, 36043679, 36046387, 36046201, 36045597, 36042463]
['siliconvalley', '14:40', '14:50', 36046546, 36046433, 36046451, 36046543, 36046286, 36046441, 36046293, 36046028, 36046087, 36036634, 36046534, 36046090, 36046507, 36045251, 36044984, 36043863, 36046522, 36046424]
['beauty', '14:40', '14:50', 36045831, 36037220, 36045878, 36046537, 36045899, 36046189, 36044155, 36025302, 36044151, 36041866, 36042363, 36042470, 35999149, 36045073, 36045222, 36043264, 36046176]
['writer', '14:40', '14:50', 36045889, 36045324]
['blueplanet', '14:40', '14:50', 36036157, 36046545, 35980315, 36046126, 36040329, 36046543, 36045506, 36039189, 36045700, 36042933, 36038138, 36044196, 35954571, 36046397, 36046360, 36046386, 36029138, 36045614, 36046215]
['tvshow', '14:40', '14:50', 36038541, 36046362, 36044169, 36039189, 36043871, 36046354, 36044186, 36046238, 36040354, 36046299, 36034497, 36044198, 35892630, 36046533, 36044217, 36045044, 36044659, 36046405, 36046381, 36044719, 36045922, 36045404, 36045725, 36046063, 36022011]
['bangrak', '14:40', '14:50', 36046428, 36046371, 36041432, 36046436, 36040610, 36046527, 36046541, 36046468, 36046245, 36046160, 36046478, 36046285, 36044038, 36044926, 36046198, 36046532, 36041541, 36045862, 36043107, 36046309, 35621384, 36046329, 36045971, 36046133, 36046511, 36046277]
['horoscope', '14:40', '14:50', 36043013, 36046340, 36043517, 36044224, 36046413, 36043738, 36046526, 36030033, 36046133, 36046523]
['pantip', '14:40', '14:50', 35982698, 36046405, 36029138, 35999149]
['region', '14:40', '14:50', 32935606, 36044196, 36046049, 36046360, 36046098]
['mbk', '14:40', '14:50', 36046530, 36045878, 36042844, 35267783, 36045935, 36039944, 36046172, 36045616, 36046137, 36043384, 36046090, 36046461, 36046519, 36046514, 36046528, 36043491, 36046434, 36042463, 36046274]
['all', '14:40', '14:50', 36046161, 36045333, 36046547, 36046513, 36043013, 36046340, 32935606, 36046546, 36046366, 31512724, 36045831, 36046428, 36038541, 36046433, 36045348, 36036157, 36046312, 36046545, 36046126, 36046362, 35980315, 36042517, 36037220, 36046530, 36045878, 36046524, 36045208, 36046371, 36042844, 36043517, 36041432, 36046531, 36040627, 36046246, 36046544, 36046451, 36040329, 36046543, 36045506, 36044224, 36046503, 36044169, 36039189, 36044788, 36042590, 36046258, 36046015, 36046504, 36043871, 36046413, 36041356, 36046436, 35267783, 36045935, 36006270, 36046453, 36040610, 36046410, 36046527, 36045889, 36046354, 36039944, 36046542, 36046541, 36046448, 36046540, 36045885, 36046468, 36045700, 36046238, 36044186, 36042580, 36046538, 36046537, 36036929, 36045894, 36046286, 36045915, 36046420, 36043738, 36046456, 36045858, 36044956, 36046068, 36046438, 36044078, 36045899, 36045600, 36046441, 36045869, 36045371, 36046408, 36045759, 36042933, 36046172, 36029291, 36045917, 36044919, 36045731, 36045018, 36046466, 36046245, 36038138, 36046299, 36046293, 36034497, 36046006, 35773220, 36045802, 36044198, 36045035, 36046189, 36035532, 36046432, 35892630, 36045311, 36046160, 36044196, 36046028, 36043029, 35954571, 36044155, 36046425, 36045698, 36046478, 36045148, 36045798, 36046536, 36046087, 36046285, 36033300, 36046535, 36045616, 35982698, 36046243, 36045610, 36040051, 36046397, 36043962, 36046049, 36046137, 36043384, 36046029, 36044038, 36045305, 36046263, 36046360, 36045930, 36043966, 36025302, 36043679, 36045920, 36046533, 36044658, 36044615, 36026376, 36044151, 36036634, 36035934, 36046534, 36046483, 36044217, 36045167, 36044926, 36046097, 36044659, 36045044, 36046405, 36046090, 36046115, 36046198, 36045746, 36046386, 36046532, 36046387, 36044958, 36046507, 36046476, 36046290, 36046317, 36043177, 36030488, 36045251, 36046518, 36041866, 36041541, 36042363, 36046461, 36029138, 36046157, 36045862, 36046381, 36038169, 36046262, 36046526, 36046098, 36044288, 36044719, 36046519, 36045922, 36044449, 36044984, 36045123, 36046201, 36043107, 36045404, 36046144, 36045959, 36042470, 36030033, 36045597, 36046514, 36045614, 36046309, 30564208, 35621384, 36046529, 36045944, 36045725, 36046528, 36046118, 36046214, 36045758, 36046329, 35999149, 36045324, 30905216, 36043491, 36046446, 36046434, 36046163, 36046525, 36045961, 36041956, 36046063, 36042730, 36046492, 36042463, 36043790, 36046274, 36045971, 36042690, 36045073, 36046215, 36045222, 36046119, 36043863, 36025512, 36043477, 36046229, 36046133, 36046523, 36043925, 36044548, 36046511, 36037531, 36042824, 36044755, 36045955, 36043264, 36022011, 36044153, 36046277, 36046522, 36046435, 36046176, 36046220, 36046521, 36046368, 36046424]
['ratchada', '14:40', '14:50', 36046547, 36046258, 36006270, 36046540, 36046438, 36044078, 36044038, 36046360, 36043966, 36045920, 36026376, 36045961, 36046229, 36044755, 36046435, 36044153]
['rajdumnern', '14:40', '14:50', 36046408, 36045698, 36045746, 36046157, 36046262]
['isolate', '14:40', '14:50', 36045915, 36033300, 36045167, 36043177, 36044449, 36045123, 36045944, 36046525, 36042730, 36042824, 36045955, 36046368]
['social', '14:40', '14:50', 36045506, 36039189, 36046258, 36046448, 36045885, 36046456, 36044919, 36045035, 36044196, 36046478, 36046536, 36040051, 36046029, 36026376, 36036634, 36046386, 36044958, 36041866, 36046157, 36046201, 36045758, 36041956]
['religious', '14:40', '14:50', 36045885, 36035532, 36043962, 36035934, 36046526, 36043477]
['supachalasai', '14:40', '14:50', 36046161, 36046366, 36045878, 36046538, 36046420, 36045759, 36046466, 36046006, 36025302, 36046476, 36042363, 36046144, 36046163, 36037531, 36046220]
['siam', '14:40', '14:50', 32935606, 36040627, 36046436, 36046527, 36046468, 36045371, 36045917, 36045035, 36046478, 36045148, 36046049, 36046483, 36044926, 36046097, 36046115, 36046532, 36045862, 36046098, 36043107, 36030033, 36046309, 35621384, 36046118, 36046329, 30905216, 36046492, 36043790, 36046119]
['lumpini', '14:40', '14:50', 36045831, 36045878, 36040627, 36046503, 36046538, 36046537, 36038138, 36044155, 36046478, 36025302, 36046317, 36041866, 36042363, 36042470, 36045758, 36045971, 36045073, 36043264, 36046176]
['sinthorn', '14:40', '14:50', 36046513, 36045348, 36042517, 36037220, 36046524, 36042844, 36046246, 36046504, 36041356, 36045700, 36042580, 36046456, 36045858, 36046438, 36045600, 36045731, 36045802, 36046432, 36045798, 36046243, 36043384, 36046263, 36046387, 36046290, 36046317, 36030488, 36046381, 36045959, 36046514, 36046529, 36045758, 36042463]
['silom', '14:40', '14:50', 36042517, 36037220, 36045506, 36039189, 36041356, 36046453, 36045731, 36038138, 35773220, 36046029, 36026376, 36046317, 36045597, 30564208, 36046529, 36042463, 36042690, 36044548]
['wahkor', '14:40', '14:50', 36046441, 36044919, 36043029, 36046425, 36045305, 36046214]
['library', '14:40', '14:50', 31512724, 36040627, 36046425, 36045305, 36046518, 36044288, 36046063, 36043790, 36043925, 36046521]
['art', '14:40', '14:50', 36046531, 36046028, 36046535]
