['food', '23:30', '23:40', 36038937, 36048362, 35856424, 36047916, 36044581, 36048350, 36046829, 36031927]
['greenzone', '23:30', '23:40', 36045593]
['camera', '23:30', '23:40', 36048367, 36046448, 36047336, 36047544]
['cartoon', '23:30', '23:40', 36046740, 36046588, 36045208, 36048151, 36048063]
['gallery', '23:30', '23:40', 36048367, 36046126, 36047544]
['klaibann', '23:30', '23:40', 36048353, 36046266, 36047252, 36046829]
['jatujak', '23:30', '23:40']
['chalermkrung', '23:30', '23:40', 36039747, 36047978, 36047557, 36048369, 36048062, 36045962, 36048080, 36048134, 36047840, 35306296, 36047167, 36047337, 36047991, 36047569, 36048242, 36047818, 36048138, 36048177]
['chalermthai', '23:30', '23:40', 35471921, 35995827, 36046672, 36044658, 36047412, 36045208, 36047848]
['family', '23:30', '23:40', 35847050, 35846763, 36048371, 36048368, 36041432, 36044038, 36044636, 35856154, 36048359, 36044080, 36045135, 36048278, 36047057]
['home', '23:30', '23:40', 36045215, 36037220, 36047916, 35830336, 36041839, 36046697, 36048342]
['siliconvalley', '23:30', '23:40', 36048293, 36048321, 36048370, 36047814, 36048357, 36029913, 36044401, 36048333, 33802324, 36046697, 36044417]
['beauty', '23:30', '23:40', 36044457, 36031657, 36037220, 35856424, 36042374, 31087139, 36042997, 36047858, 36048063, 32210736, 32248464, 36048162, 33944968]
['writer', '23:30', '23:40', 36047938, 36044218]
['blueplanet', '23:30', '23:40', 36044460, 36046126, 36048353, 36048319, 36048359, 36046266, 36047833, 35167377, 36041833, 36047327, 36042777, 36046905, 36048173]
['tvshow', '23:30', '23:40', 35627888, 36047938, 36047978, 35852876, 36047462, 36047845, 36047885, 35855265, 35471921, 36045922, 36040577, 36047957, 36048176, 35967733, 36048347, 36020746, 36046672, 36048307, 36045619, 36048147]
['bangrak', '23:30', '23:40', 35847050, 35846763, 36045181, 36048244, 35846733, 36041432, 36048214, 36048254, 36048363, 36044038, 35856034, 36048137, 36037244, 35856154, 35863866, 35863821, 36048312, 36048082, 36048265, 36048117, 36017243, 36048250, 36032924, 36047553, 36048328, 36048278, 36047727]
['horoscope', '23:30', '23:40', 36048371, 36048323, 36047983, 36047364, 36042739, 36048100, 36047516, 36024697]
['pantip', '23:30', '23:40', 36047462]
['region', '23:30', '23:40', 36048361, 36048351, 36046103, 36047327, 36047205]
['mbk', '23:30', '23:40', 36048339, 36047822, 36048357, 36048356, 36048355, 36047183, 36048325, 34283948, 36048346, 36044552, 36036706, 36048261]
['all', '23:30', '23:40', 36042165, 36039747, 36048372, 35847050, 36044460, 35627888, 36048199, 36048293, 35846763, 36045181, 36047938, 36046740, 36048244, 36048339, 35846733, 36047978, 36044457, 36031657, 36047367, 36048321, 36048371, 36047557, 35852876, 36048370, 36047462, 36047845, 36038937, 36048369, 36048368, 36041432, 36046367, 36048367, 36048062, 36047664, 36048366, 36048343, 32939836, 36045215, 36048365, 36048364, 36045962, 36048214, 36048254, 36047822, 36048363, 36047140, 36048362, 36044038, 36047814, 36048080, 36048361, 35856034, 36048137, 36048351, 36037220, 36040502, 36044636, 36048267, 36046126, 36042196, 35856424, 36047885, 36048134, 36047840, 36044121, 36048353, 35082416, 35306296, 36045944, 32863970, 36047167, 35855265, 35471921, 36048319, 36045922, 36037244, 36040577, 36048184, 35856154, 36047916, 36047957, 35863866, 36047337, 36048176, 35863821, 36048360, 36048312, 36045920, 36048082, 36048359, 36048358, 35830336, 36048265, 36048357, 36048356, 35845510, 36035809, 36044080, 36048054, 35967733, 36048323, 36048355, 36046103, 36046448, 36048354, 36046266, 36047991, 36041839, 36047833, 36044244, 36047225, 34924442, 36044581, 36047960, 36048117, 36042614, 36047569, 36047983, 36047817, 36048347, 31101559, 36048175, 36042814, 36047959, 35167377, 36017243, 36048250, 36020746, 36048086, 36047364, 36048072, 36045842, 36029913, 36048350, 36041833, 36048051, 35995827, 36045593, 36047183, 36048242, 36046588, 36048352, 36046672, 36042374, 36044401, 36048325, 36048345, 34283948, 36044218, 36047336, 36048307, 36032924, 36038900, 36047252, 36042739, 36045619, 36044658, 33531381, 36045135, 31087139, 36048348, 36024684, 36047327, 36047205, 36048205, 36042997, 36047553, 36047412, 36048333, 36046829, 36047313, 36045208, 36048346, 36048151, 36042777, 36047858, 36048063, 36048100, 32210736, 36048336, 36044552, 36047326, 32248464, 36048162, 36036706, 36047818, 36047516, 36048138, 36048261, 36031927, 36048122, 33802324, 36046697, 36048210, 36048288, 36047544, 36046905, 36048147, 36023639, 33944968, 36048328, 36048342, 36048341, 36048326, 36048340, 36024697, 36048278, 36047449, 36047727, 36047848, 36048173, 36047057, 36044417, 36039033]
['ratchada', '23:30', '23:40', 36044038, 36048361, 36048351, 36048267, 36048319, 36045920, 36047833, 36044244, 36047817, 36048175, 36042814, 36047205, 36042777]
['rajdumnern', '23:30', '23:40', 36024684]
['isolate', '23:30', '23:40', 36047140, 36045944, 36048360, 31101559, 36048348, 36048122]
['social', '23:30', '23:40', 35847050, 36048371, 36048343, 32939836, 36048254, 36042196, 35855265, 35863866, 36048354, 36042814, 36048345, 36048063, 36044552, 36048261, 36031927, 36048210, 36023639, 36048278, 36047057]
['religious', '23:30', '23:40', 36047983, 36045593]
['supachalasai', '23:30', '23:40', 36048372, 36048199, 36047367, 36046367, 36047664, 36048184, 36048054, 36047225, 36042614, 36048086, 36045842, 36038900, 36047205, 36039033]
['siam', '23:30', '23:40', 36042165, 36048244, 35846733, 36048369, 36048343, 36048364, 36048214, 36048361, 36048137, 36042196, 36037244, 35863866, 35863821, 36048312, 36048082, 36048265, 36035809, 36048354, 34924442, 36048117, 36047959, 36017243, 36048250, 36048352, 36032924, 36047553, 36048288]
['lumpini', '23:30', '23:40', 36031657, 36046367, 36042196, 35856424, 36044121, 36044581, 36048051, 36047252, 36046829, 36047858, 32210736, 36047326, 36048261, 36048278]
['sinthorn', '23:30', '23:40', 32939836, 36037220, 32863970, 36048355, 36046448, 36047327, 36031927, 36023639, 36048340, 36047449]
['silom', '23:30', '23:40', 32939836, 36037220, 36040502, 35082416, 36048358, 35845510, 36046103, 36048072, 36048352, 33531381, 33802324, 36048288, 36048326]
['wahkor', '23:30', '23:40', 36048366, 32939836, 36035809, 35167377, 36048051, 36047252, 36048205, 36047313, 36048336]
['library', '23:30', '23:40', 36042165, 36048365, 36040577, 35845510, 34924442, 36047960, 36047412, 36047848]
['art', '23:30', '23:40', 33531381, 33802324, 36048341]
