['food', '15:10', '15:20', 36043933, 36045710, 36031927, 36044788, 36045896, 36046033]
['greenzone', '15:10', '15:20', 36046517]
['camera', '15:10', '15:20', 36045299, 36046448, 36045012, 36046500, 36046227]
['cartoon', '15:10', '15:20', 36045883, 36045006, 36044221, 36046047, 36044906, 36046162]
['gallery', '15:10', '15:20', 36046081, 36041458, 36046621, 36046414]
['klaibann', '15:10', '15:20', 36040051, 36044325, 36044810, 36046634, 36046033, 36046266, 36046586, 36046386, 36045635, 36040813, 36039950]
['jatujak', '15:10', '15:20', 36044605, 36046626, 36045674, 36045311, 36042155, 36045333]
['chalermkrung', '15:10', '15:20', 36046312, 36044968, 36046071, 36040775, 36046574, 36045658, 36045978, 36046007, 36041481]
['chalermthai', '15:10', '15:20', 36041666, 36046638, 36046625, 36044799, 36043880, 36044906, 36046193, 36046624, 36046617, 35980315]
['family', '15:10', '15:20', 36045018, 36043860, 36046303, 36044080, 36040051, 36046639, 36044788, 36036898, 36046033, 36045673, 36046283, 36046586, 36022919, 36045830, 36040490, 36045679]
['home', '15:10', '15:20', 36043641, 36045524, 30914192, 36045597, 36045535, 36045990, 36046626, 36045661, 36040181, 36046536, 30839433, 36045690, 36046239, 36045788, 36041351, 36031525, 36040775, 36044185, 36046011, 36042853]
['siliconvalley', '15:10', '15:20', 36046286, 36046570, 36043863, 36046344, 36046522, 36046491, 36046620, 36045115]
['beauty', '15:10', '15:20', 36045222, 36043860, 36045501, 36041445, 36045468, 36044876, 36035468, 36042485, 36044457, 36042519, 36031657, 36022919, 32180268, 36046616, 32173239]
['writer', '15:10', '15:20', 36043882]
['blueplanet', '15:10', '15:20', 36021642, 36046303, 36045710, 36046565, 36039189, 36046081, 36044810, 36041458, 36044799, 36046634, 36046002, 36046266, 36043803, 36045506, 36046621, 36046386, 35980315, 36040813, 36041127, 36045941, 36046414, 36045830]
['tvshow', '15:10', '15:20', 36045419, 36038811, 36046354, 36044073, 36046555, 36039189, 36046575, 36046625, 36044923, 36044120, 36046238, 36039559, 36046619, 36046627, 36045044, 36046617, 36046299, 36046622, 36046405, 36030440, 36046016, 36044134, 36045658, 36045217]
['bangrak', '15:10', '15:20', 36046474, 36044643, 36046437, 36045756, 36045459, 36046511, 36038382, 36038327, 36046573, 36039621, 36043227, 36043713, 36046152, 36045477, 36045478, 36046210, 36017243, 36045748, 36045761]
['horoscope', '15:10', '15:20', 36044889, 36042739, 36043521, 36031525, 36046340, 36042853]
['pantip', '15:10', '15:20', 36044968, 36046405]
['region', '15:10', '15:20', 36043641, 36046049, 36046081, 36039559, 30420665, 36045864, 36046621, 36043064, 36046414]
['mbk', '15:10', '15:20', 36046180, 36046603, 36046077, 36045998, 36046514, 36045821, 36045462, 36046019, 36044888, 36039251, 36045070, 36045792, 36045847, 36046620, 36045680, 36046539, 36046320, 36046442, 36046618, 36046563]
['all', '15:10', '15:20', 36043641, 36044077, 36045419, 36046161, 36029718, 36045299, 36045018, 36044072, 36046180, 36046262, 36046466, 36046286, 36038811, 30914192, 36045524, 36021642, 36046646, 36045222, 36046474, 36043933, 36046312, 36045883, 36046448, 36043860, 36038372, 36045597, 36046547, 36046645, 36045535, 36046354, 36046603, 36046644, 36044968, 36045710, 36046303, 36045746, 36046502, 36031927, 36046633, 36046077, 36046565, 36045998, 36046628, 36044073, 36045621, 36046049, 36044643, 36046555, 36046638, 36046420, 36041666, 36044605, 36045990, 36039189, 36046514, 36044313, 36046071, 36045832, 36046642, 36044080, 36046081, 36045006, 36045348, 36045821, 36046575, 36044889, 36042739, 36040051, 36046641, 36045501, 36046437, 36046640, 36046220, 36044325, 36046639, 36043799, 36046584, 36044810, 36044548, 36045545, 36046637, 36046034, 36041458, 35329260, 36044221, 36045756, 36046625, 36046570, 36045459, 36044788, 36046626, 36045856, 36046449, 36044799, 36045913, 36038679, 36044923, 36045661, 36046636, 36046062, 36003111, 36043863, 36046517, 36046635, 36045674, 36046634, 36036098, 36045371, 36044120, 36045462, 36045289, 36040445, 36046019, 36040181, 36036898, 36044888, 36045012, 36044697, 36045517, 36046536, 36046344, 36046002, 30839433, 36046592, 36044283, 36039251, 36045561, 36046033, 36046238, 36044249, 36043891, 36045690, 36045673, 36034580, 35360146, 36042507, 36045070, 36046511, 36046047, 36043880, 36046623, 36046500, 36046239, 36038382, 36045792, 36038332, 36046631, 36046630, 36043521, 36039559, 36038327, 36046573, 36046538, 36045788, 36046476, 36044906, 36046193, 36046629, 36046456, 36046599, 36041351, 36045885, 36045385, 36046522, 36045847, 36045820, 36046317, 36046266, 36042824, 36046083, 36046619, 36045618, 36046627, 30420665, 36039621, 36046491, 36045044, 36046408, 36045395, 36045532, 36046624, 36045759, 36031525, 36045530, 36046617, 36040775, 36046283, 35976595, 36046299, 36045864, 36043803, 36045506, 36041445, 36045468, 36046622, 36046564, 36046227, 36046621, 36046340, 36043227, 36040627, 36044185, 36039007, 36046405, 36044696, 36046586, 36046114, 36046386, 36046574, 36044876, 36046164, 36046011, 36035468, 36042485, 36046429, 35980315, 36030440, 36046620, 36045680, 36043713, 36046539, 36042954, 36045635, 36045311, 36046320, 36040282, 36040813, 36046442, 36046152, 36042155, 36044457, 36039950, 36046214, 36046430, 36042519, 36031657, 33224431, 36046302, 36046162, 36046016, 36041127, 36045477, 36045115, 36045941, 36042517, 36005052, 36045001, 36046513, 36046459, 36042745, 36046618, 36044134, 36045910, 36043064, 36045333, 36046414, 36040312, 36022919, 36045478, 36045658, 36046210, 36045830, 36042853, 36017243, 36040490, 36045748, 36045879, 36046616, 32180268, 36045679, 36043882, 36045672, 36046615, 36046524, 36045978, 36045761, 36044307, 32173239, 36046007, 36045217, 36041481, 36046563, 34866869, 36045623, 36046614]
['ratchada', '15:10', '15:20', 36046547, 36046645, 36046565, 36044313, 36045832, 36046640, 36043799, 36046637, 36046634, 36036098, 36044249, 36038332, 36046599, 36045532, 36046302, 36040312, 36046616]
['rajdumnern', '15:10', '15:20', 36046262, 36045746, 36046639, 36045289, 36043891, 36046408, 36039007, 36046164]
['isolate', '15:10', '15:20', 36046636, 36046635, 35360146, 36042824, 36044696, 36046430, 36046615]
['social', '15:10', '15:20', 36044072, 36046180, 36046448, 36046603, 36031927, 36046628, 36039189, 36040051, 36044325, 36046639, 36046034, 36046062, 36003111, 36036898, 36044697, 36046536, 36034580, 36046239, 36039559, 36046573, 36046456, 36045885, 36046283, 36045506, 36046586, 36046386, 36030440, 36041127, 36005052, 36043882]
['religious', '15:10', '15:20', 36044077, 36046062, 36044283, 36045885, 36046083, 35976595, 36045679]
['supachalasai', '15:10', '15:20', 36046161, 36046466, 36046645, 36046633, 36045621, 36046420, 36046220, 36045913, 36046536, 36042507, 36046538, 36046476, 36045759, 36045530, 36046564, 36046114, 36042485, 36043064, 32180268, 32173239, 36045623]
['siam', '15:10', '15:20', 36046474, 36038372, 36046049, 36046641, 36046437, 36045756, 36038679, 36045371, 36040445, 36036898, 36045561, 36038382, 36046630, 36038327, 36046573, 36045618, 36040627, 36043713, 36040282, 36046152, 36043064, 36046210, 36017243]
['lumpini', '15:10', '15:20', 36043860, 36046449, 36036898, 36046033, 36046538, 36045385, 36045820, 36046317, 36046283, 36045468, 36040627, 36046586, 36042485, 36046429, 36042519, 36031657, 33224431, 36043064, 32180268, 36043882, 32173239]
['sinthorn', '15:10', '15:20', 36044072, 36046646, 36046448, 36046303, 36031927, 36046514, 36046642, 36045821, 36045348, 36046584, 36045856, 36046517, 36045517, 30839433, 36046592, 36043891, 36034580, 36046623, 36046631, 36046629, 36046456, 36046317, 36046011, 36042517, 36045001, 36046513, 36046459, 36042745, 36045910, 36045879, 36045672, 36046524, 36044307, 34866869]
['silom', '15:10', '15:20', 36029718, 36044072, 36045524, 36046303, 36046502, 36039189, 36044548, 36046626, 36003111, 36046592, 36044249, 36046317, 30420665, 36045506, 36046586, 36039950, 36042517, 36045001, 36042745, 34866869]
['wahkor', '15:10', '15:20', 36045545, 36046449, 36045385, 36045395, 36042954, 36046214, 36046614]
['library', '15:10', '15:20', 36029718, 36038372, 36046644, 35329260, 36046062, 36043891, 36046617, 36040627, 36040282, 36043882]
['art', '15:10', '15:20']
