['food', '18:00', '18:10', 36047163, 36047161, 35662051, 35952710, 36045710, 36047037, 36046829, 36047098, 36045451]
['greenzone', '18:00', '18:10']
['camera', '18:00', '18:10', 36047010]
['cartoon', '18:00', '18:10', 36046047, 36046318, 36044308, 36045208, 36036519, 36040588]
['gallery', '18:00', '18:10', 36042525, 36046594, 36047071, 36047010, 36046679, 36046976]
['klaibann', '18:00', '18:10', 34846012, 36046829]
['jatujak', '18:00', '18:10', 36046764, 36041133, 36046976, 36047147, 35613367]
['chalermkrung', '18:00', '18:10', 36047120, 36047159, 36046351, 36045978, 36043797, 36038228, 36046312, 36046791, 36040028, 36046763, 36043391, 36046593, 36046410]
['chalermthai', '18:00', '18:10', 36009783, 36041666, 36045208, 36046059, 36047143]
['family', '18:00', '18:10', 36046582, 36047057, 36046978, 35669556, 35662777, 35659881, 36044080, 36046881, 36044038, 36044943]
['home', '18:00', '18:10', 36042664, 36046235, 36042698, 36046469, 36045737, 36046744, 36046544, 36047147, 35646045, 36047146, 36046782, 36046697, 36045661]
['siliconvalley', '18:00', '18:10', 36046399, 36046235, 36046790, 36047131, 34000922, 36047150, 36045783, 35650241, 36047062, 36046507, 36047145, 36037542, 36046546, 36046697, 35983410]
['beauty', '18:00', '18:10', 36042817, 36047158, 36042963, 36046313]
['writer', '18:00', '18:10', 36045604, 36046084]
['blueplanet', '18:00', '18:10', 35666693, 36043495, 36046660, 36027621, 36047071, 36046679, 36046894, 36045710, 36036864, 36046086, 36046937, 36046905, 36028939, 36045987, 36046809, 36046108, 36046121, 36046022]
['tvshow', '18:00', '18:10', 36047154, 36047120, 36047134, 36047153, 36047128, 36047138, 36042817, 35913321, 36047091, 36047003, 36046619, 35759012, 36046238, 36046362, 36045922, 36047034, 36047118, 36046381, 36046995, 36047066, 36046770, 36044836, 36046979, 36047105]
['bangrak', '18:00', '18:10', 36047076, 36041541, 36044273, 36047038, 35669484, 35669556, 36038612, 35669727, 36046773, 35662777, 36046868, 35666073, 35666217, 35665953, 36045696, 36047129, 35665958, 35665994, 35659881, 36047064, 36046881, 35652009, 35652546, 35652691, 36046329, 35651131, 35649861, 35650241, 36044038, 35649694, 35649270, 35649287, 36046061, 34709287, 35642175, 36046468, 36046721, 36047141, 36045971, 36047047]
['horoscope', '18:00', '18:10', 36046340, 36046413, 36046891, 36046802]
['pantip', '18:00', '18:10', 36046995]
['region', '18:00', '18:10', 36042525, 36043495, 36046594, 36036864, 36047148, 36046937, 36044446, 36046957, 36046121]
['mbk', '18:00', '18:10', 36047164, 36045280, 36032288, 36047162, 36046789, 36046950, 36047139, 36046416, 36041034, 35935414, 36045691, 36046967, 36042409, 36037542, 36046997, 36046434, 35983410]
['all', '18:00', '18:10', 36047165, 36046582, 36047154, 36047164, 36047120, 36047087, 36047134, 36047076, 36041541, 36044273, 36045280, 35666693, 36047057, 34432247, 36047038, 36042525, 35669484, 36046629, 36046978, 36045809, 36046302, 36032288, 36047163, 36042664, 35669556, 36044283, 36045758, 36047153, 36047162, 36047128, 36047138, 36038612, 36046399, 35669727, 36047103, 36045646, 36047161, 36046982, 32939836, 36046764, 36046956, 36047160, 36047159, 36046773, 35662777, 36046789, 36046351, 36040574, 36046235, 36047114, 36046340, 36046950, 35662051, 36046868, 36043495, 36046413, 36037298, 36046660, 36045652, 36046594, 36045978, 36046949, 36047139, 36047102, 36041174, 36047044, 35666073, 36046845, 36046790, 36047131, 36009783, 36042817, 36043797, 36038263, 36042698, 36046891, 35666217, 35913321, 36046047, 36047091, 36047158, 36047003, 35665953, 36045696, 36040937, 36047157, 36038908, 36046805, 35665958, 36047129, 36021518, 36046416, 36046990, 36027621, 30380019, 36046619, 36041034, 36046940, 35665994, 36047156, 36046994, 36047071, 36047151, 35659881, 34958391, 35660171, 36047064, 36044080, 36045348, 36047155, 34000922, 36047008, 36046469, 35656381, 35935414, 36047010, 36046881, 35952710, 36046679, 36045746, 36043206, 36045943, 35652009, 36046318, 35759012, 36045945, 36046456, 35652546, 36046894, 36046238, 36044308, 36045737, 36045710, 36047152, 36045604, 36038228, 36045789, 35652691, 36041666, 36046329, 34846012, 35651131, 36046312, 36046362, 36047150, 35649861, 36044121, 36047149, 36047084, 36045922, 36045783, 36045208, 36041750, 36046811, 36047037, 35650241, 36044038, 36047085, 36045956, 36046744, 36036864, 36046544, 36046059, 36044784, 36047148, 36046984, 35649694, 36046791, 36045691, 36047062, 35649270, 36042785, 36046829, 36046102, 36041133, 36046976, 36047098, 36046164, 36044024, 36046507, 36040028, 36046967, 36047034, 36047147, 36047118, 35649287, 36042409, 36046802, 36046084, 35646045, 36045199, 35613367, 36046873, 36044943, 36047146, 36046918, 36046061, 36047145, 34709287, 35642175, 36047144, 36044950, 36046933, 36045595, 36042963, 36047143, 36047142, 36046763, 36046468, 36046086, 36045451, 36046721, 36046937, 36027898, 36047141, 36044555, 36044163, 36043391, 36047020, 36046381, 36037542, 36046593, 36046997, 36037885, 36046434, 36046645, 36045971, 36046599, 36044139, 36036519, 36044078, 36047074, 36046905, 36047140, 36046546, 36045759, 36046782, 36046995, 36044446, 36046957, 36028939, 36045987, 36046809, 36047066, 36046697, 36010747, 36046770, 36046108, 36045989, 36046313, 36047047, 36046121, 36044836, 36046979, 36040588, 36046022, 36045623, 36046163, 36047105, 36046410, 36047073, 36045661, 32297614, 36029437, 35983410]
['ratchada', '18:00', '18:10', 36047087, 36045809, 36046302, 36047160, 36038263, 34958391, 36044038, 36045199, 36046933, 36044555, 36037885, 36046645, 36046599, 36044078, 36044446, 36046022, 36047073]
['rajdumnern', '18:00', '18:10', 36047103, 36046982, 36046949, 36047044, 36045746, 36046164, 36046873, 36047074]
['isolate', '18:00', '18:10', 36040574, 36041174, 36047151, 36046984, 36047144, 36047140, 36045989]
['social', '18:00', '18:10', 36046582, 36047087, 36047076, 36047057, 35669556, 36045758, 36038612, 32939836, 36046789, 36047114, 35662051, 36045652, 36047157, 36021518, 36047156, 35659881, 35656381, 36045945, 36046456, 35652546, 36046894, 36047152, 35652691, 35649694, 36045691, 36046102, 36047066, 36047047]
['religious', '18:00', '18:10', 36044283, 36047008, 36045789, 36046811]
['supachalasai', '18:00', '18:10', 36045809, 36045646, 36038908, 36046994, 36043206, 36045943, 36047020, 36046645, 36045759, 36046957, 36045623, 36046163]
['siam', '18:00', '18:10', 36047165, 36047120, 36047076, 36044273, 35669484, 36038612, 35669727, 36037298, 35666073, 36047131, 35666217, 36040937, 36047129, 35665994, 36047156, 35659881, 35660171, 36047064, 36047152, 36046329, 36041750, 35650241, 36047148, 35649694, 36046802, 35642175, 36046468, 36045451, 36046721, 32297614, 36029437]
['lumpini', '18:00', '18:10', 36046978, 36047163, 36045758, 36046845, 36021518, 36047156, 36045945, 36044121, 36044784, 36046829, 36042785, 36046061, 36044163, 36045971, 36047066]
['sinthorn', '18:00', '18:10', 36046629, 36042664, 36045758, 32939836, 36046956, 36047114, 36047102, 36047044, 36043797, 36046805, 36046990, 36046940, 36047155, 36045348, 34000922, 36047084, 36047085, 36044784, 35613367, 36046918, 36044950, 36045595, 36027898, 36047074]
['silom', '18:00', '18:10', 34432247, 32939836, 36046868, 36047149, 36045451, 36044139, 36047074, 36040588]
['wahkor', '18:00', '18:10', 32939836, 36046949, 30380019, 36045956, 36044024, 36047147, 36046802, 36047142, 36010747]
['library', '18:00', '18:10', 36047165, 36046949, 36047091, 30380019, 36046318, 36046084, 36047074, 36046995]
['art', '18:00', '18:10']
