['food', '22:40', '22:50', 36048194, 36046829, 36047789, 36048211, 36047958]
['greenzone', '22:40', '22:50', 36048205]
['camera', '22:40', '22:50', 36048207, 36047917, 36047925, 34251658, 36044929, 36047336, 36047347, 36047212]
['cartoon', '22:40', '22:50', 36044512, 36044030, 33003407, 36046935]
['gallery', '22:40', '22:50', 36047917, 36045182, 35997061, 36047925, 36044929]
['klaibann', '22:40', '22:50', 36048182, 36046829, 36048206, 36039950, 36048191]
['jatujak', '22:40', '22:50', 36045333, 36048159]
['chalermkrung', '22:40', '22:50', 36047569, 36048177, 36047991, 36046071, 36048134, 36041481, 36041527, 36047818, 36047436, 36046410, 36048080, 36048057, 36047561, 36025958, 36048138]
['chalermthai', '22:40', '22:50', 36041666, 36047848, 36048140, 36025958, 36047412, 36048192]
['family', '22:40', '22:50', 36047853, 36046189, 36041608, 31667937, 36048104, 36048130, 36048201, 36047549, 36044038, 34353952]
['home', '22:40', '22:50', 36045737, 30990772, 36047937, 36045215, 36047650, 36048203, 36044185, 36048198, 36028879]
['siliconvalley', '22:40', '22:50', 36047986, 36047648, 36047748, 33003407, 36047679, 36046992, 36048039, 36047647, 36048128, 36047264, 36048198, 36047302, 36047475, 36048089, 36047794, 36048190, 36047325, 36047131, 36048107]
['beauty', '22:40', '22:50', 36047124, 31667937, 36047795, 36047623, 36045222, 36043309, 36047549, 36047110, 36048186]
['writer', '22:40', '22:50', 36047922, 36047938]
['blueplanet', '22:40', '22:50', 36048173, 36047917, 36045182, 35997061, 36047925, 36046905, 36044929, 36041833, 36022939, 36045801, 36048206, 36047233, 36045506]
['tvshow', '22:40', '22:50', 36048176, 36048210, 36047922, 36047690, 36047435, 36047003, 36048167, 36048114, 35996142, 36045922, 35989216, 36044762, 36048057, 36046569, 36046219, 36048140, 36044858, 36047138, 36038811, 36025958, 36046354, 36047938, 36040289, 36047399, 36041639, 36041337, 36032934]
['bangrak', '22:40', '22:50', 36047853, 36041608, 36026256, 36047836, 36047838, 33290335, 36048098, 36048214, 36048213, 36048196, 36045181, 36047721, 36048208, 35695786, 36048204, 36047727, 36048200, 36048201, 36048137, 34253252, 36034799, 36044038, 36048169, 36047248, 36047745, 36048160, 36045459, 35971274, 34353952, 36047898, 36048193, 36047506, 36048142, 36048191]
['horoscope', '22:40', '22:50', 36048100, 36047767, 36044224, 36047983]
['pantip', '22:40', '22:50']
['region', '22:40', '22:50', 36047917, 36022939, 36048211, 36048200]
['mbk', '22:40', '22:50', 36046789, 36047714, 36048048, 36047937, 36048197, 36048039, 36046153, 36047647, 36048083, 36048128, 36047475, 36046892, 36047517]
['all', '22:40', '22:50', 36047853, 36047569, 36046189, 36041608, 36045737, 36047986, 36026256, 36044512, 36046789, 36048176, 36048210, 36043542, 36047777, 36048182, 36047124, 36048207, 36047836, 36047489, 36047675, 36047922, 36048181, 36048100, 36048085, 36048177, 36047991, 36048173, 36047648, 36047999, 36047690, 36047435, 36047917, 36046071, 36048215, 36047748, 36047838, 36047714, 36048134, 36047003, 36040771, 36045182, 35997061, 36047925, 36048194, 30990772, 31667937, 36036127, 36046905, 36041481, 36045333, 36048020, 33290335, 34251658, 36045920, 36041527, 36048205, 36046829, 36047691, 36036653, 36044030, 36048167, 36046157, 36048104, 36047767, 36047806, 36044929, 36047818, 36047564, 36047789, 36046472, 36047795, 36048098, 36047436, 36041833, 36048214, 36048213, 36048212, 36022939, 36048048, 36040627, 36048211, 36044224, 36048196, 36047983, 33003407, 36045181, 36048209, 36047937, 36048129, 36042745, 36046846, 36047679, 36047721, 36041666, 36046048, 36047932, 36048208, 36046871, 36048126, 36048114, 36047202, 35996142, 36045801, 36047074, 36048187, 36045215, 36048206, 36042601, 36046992, 36048197, 36047223, 36047848, 36048039, 36046410, 36046153, 36048029, 31017371, 36047650, 35695786, 36047623, 36045922, 36045222, 35989216, 36045348, 36044762, 36048080, 36048204, 36048057, 36047464, 36047626, 36047727, 36048200, 36047647, 36047817, 36047181, 36048130, 36048145, 36048159, 36048203, 36046569, 36048201, 36046219, 36047336, 36048083, 36043309, 36048137, 36048202, 34253252, 36048128, 36047953, 36046935, 36040646, 36047549, 36047264, 36034799, 36044185, 36044038, 36039950, 36048140, 36048199, 36044858, 36047561, 36048198, 36045371, 36046475, 36047138, 36047928, 36048161, 36047233, 36047221, 36028879, 36047302, 36047475, 36048089, 36038811, 36048169, 36047110, 36047794, 35996982, 36047695, 36047883, 36046710, 36047248, 36048190, 36048165, 36025958, 36045506, 36046354, 36047347, 36045567, 36047412, 36047745, 36047938, 36040289, 36047552, 36047958, 36048195, 36048160, 36048184, 36045459, 36047653, 36047399, 36046892, 36047325, 36048186, 36041139, 36048138, 36029830, 35971274, 30909385, 36047671, 36041639, 34353952, 36047131, 36047898, 36048087, 36048193, 36041337, 36047506, 36048107, 36048142, 36047517, 36047843, 36032934, 36047990, 36048192, 36048191, 36047212]
['ratchada', '22:40', '22:50', 36047489, 35997061, 36047925, 36036127, 36045920, 36036653, 36042601, 36047464, 36047817, 36048145, 36048202, 36040646, 36044038, 36047990, 36047212]
['rajdumnern', '22:40', '22:50', 36047648, 36046157, 36047806, 36047074, 36047223, 36047671, 36048087]
['isolate', '22:40', '22:50', 36048212, 36047928, 36048165, 36045567, 36048195]
['social', '22:40', '22:50', 36046789, 36048210, 36047648, 36048215, 36047714, 36036653, 36046157, 36048214, 35695786, 36047623, 36048204, 36047181, 36048201, 36047953, 36047233, 35996982, 36045506, 36041139, 35971274, 34353952]
['religious', '22:40', '22:50', 36047999, 36040771, 36047767, 36047983, 36048126, 36041139]
['supachalasai', '22:40', '22:50', 36047777, 36047124, 36047564, 36048029, 36043309, 36048199, 36046475, 36048184, 36047653]
['siam', '22:40', '22:50', 36041608, 36026256, 36047836, 36048181, 36048215, 36047838, 31667937, 33290335, 36048098, 36048214, 36048213, 36040627, 36048196, 36048208, 31017371, 35695786, 36048204, 36048200, 36047181, 36048137, 36048202, 36047549, 36034799, 36045371, 36048161, 36047221, 36047695, 36047745, 36048160, 35971274, 36047131, 36047898, 36048193, 36047506, 36048191]
['lumpini', '22:40', '22:50', 36047124, 36048020, 36046829, 36046472, 36040627, 36047202, 36048204, 36043309, 36047549, 36047110, 36047883, 36029830]
['sinthorn', '22:40', '22:50', 36043542, 36048085, 36047691, 36048129, 36042745, 36046846, 36047932, 36046871, 36047074, 36048187, 36045348, 36047626, 36048130, 36048203, 36047552]
['silom', '22:40', '22:50', 36047675, 36046472, 36048211, 33003407, 36048129, 36042745, 36047074, 36046992, 36047623, 36047953, 36039950, 36045506]
['wahkor', '22:40', '22:50', 34251658, 36048205, 36044929, 36046048, 36047202, 36047549, 36047110, 36046710, 36047843]
['library', '22:40', '22:50', 36047922, 36040627, 36048209, 36048129, 36047848, 36044762, 36048057, 36047221, 36047695, 36047412, 30909385, 36048191]
['art', '22:40', '22:50']
