['food', '17:20', '17:30', 36047026, 36047037, 36046833, 36042860, 36045451, 36046959, 36046806, 36046453, 36047011, 36046792, 33995234, 36044788, 36046029]
['greenzone', '17:20', '17:30']
['camera', '17:20', '17:30', 36040862, 36047010]
['cartoon', '17:20', '17:30', 36045160, 36045006, 36046191, 36046847, 36040862, 36046357, 36047017, 36044427]
['gallery', '17:20', '17:30', 36046126, 36046679, 36045182, 36047010, 36046621]
['klaibann', '17:20', '17:30', 36046794, 36046567, 36046241, 36040051, 36046388, 36046228]
['jatujak', '17:20', '17:30', 36046833, 36043368, 36041572, 36044605, 36045674, 36043732, 36046968]
['chalermkrung', '17:20', '17:30', 36046068, 36046071, 36046813, 36046962, 36046702, 36046410, 36046853, 35852015, 36044217, 36046312, 36046763, 36021469, 36039705]
['chalermthai', '17:20', '17:30', 36044398, 36047033, 36043368, 36046672, 36047027, 36047022, 36047009, 36037526]
['family', '17:20', '17:30', 36046068, 36044080, 36043740, 36046773, 36046817, 36047021, 36040051, 36045830, 36044038, 36044943, 36046978, 36044788]
['home', '17:20', '17:30', 36043464, 36046924, 36033220, 36046722, 36041572, 36046886, 36045215, 36047013]
['siliconvalley', '17:20', '17:30', 36044098, 36046766, 36046233, 36046790, 36047023, 36046191, 36046780, 36045722, 36046944, 36045664, 36036634, 36046610, 36046570, 36046960, 36045749, 36036983, 36045720, 36046433]
['beauty', '17:20', '17:30', 36024958, 36044151, 36030500, 36046801, 36045222, 36030923, 36044457, 36047007]
['writer', '17:20', '17:30', 36045319, 36046084, 36045324, 36045604]
['blueplanet', '17:20', '17:30', 36046126, 36046696, 36046925, 36039189, 36047026, 36046736, 36046739, 36042860, 36046754, 36046794, 36043314, 36046679, 36046801, 36041753, 36045182, 36046567, 36027621, 36046660, 36046905, 36047021, 35849075, 36046621, 36046937, 36045830, 36046388, 36043803, 36046880, 36046674, 36042777, 36046987, 36046683]
['tvshow', '17:20', '17:30', 36039189, 36047030, 36046832, 36044965, 36047034, 36047025, 36046953, 36047003, 36046575, 36019521, 36046823, 36046770, 36046647, 36029182, 36043961, 36046672, 36046853, 35852015, 35989216, 36046995, 36045044, 36044217, 36028029, 36047022, 36046619, 36039705, 35893552, 36046101, 36046819, 36046724, 36036971]
['bangrak', '17:20', '17:30', 36046573, 36047039, 36047038, 35621384, 36043740, 36045608, 36047035, 36046932, 36046721, 36047032, 36045971, 35695786, 36046773, 36042303, 36046309, 36046673, 36045511, 36046314, 36046868, 36026256, 36046339, 36046346, 36040633, 36046371, 36047019, 36044038, 36047018, 36031755, 35972539, 36046968, 36046897, 36046700, 36045912]
['horoscope', '17:20', '17:30', 33922999, 36047036, 36046891, 36044224, 36045446, 36046413]
['pantip', '17:20', '17:30', 36046647, 36046995, 31204014]
['region', '17:20', '17:30', 36046739, 36045864, 36040633, 36047021, 36046621, 36046937, 36046880, 36046893]
['mbk', '17:20', '17:30', 36046864, 36046941, 36046530, 36047004, 36046291, 36047031, 36046991, 36046950, 36046153, 36046694, 36046997, 36046792, 36045733, 36045720, 36046698]
['all', '17:20', '17:30', 36046573, 36046126, 36044398, 36046938, 36046068, 36046864, 36046903, 36046696, 36044098, 36046994, 36047040, 35980353, 36044080, 36046925, 36046599, 36046941, 36047039, 36046530, 36040018, 36046071, 36039189, 36043464, 36047038, 36044745, 36046813, 36047004, 36047030, 36046873, 33922999, 36047026, 36046832, 36047037, 36046766, 35621384, 36046233, 36046839, 36046291, 36046736, 36046790, 36046990, 36044151, 36046633, 36043740, 36046833, 36046646, 36047036, 36046739, 36046982, 36045160, 36045608, 36044965, 36047034, 36047035, 36047025, 36046918, 36046953, 36047033, 36046962, 36045789, 36046956, 36046891, 36044121, 36046702, 36047003, 36046799, 36045842, 36046932, 36042860, 36043368, 36046721, 36045451, 36047032, 36030500, 36046754, 36046575, 36019521, 36046896, 35996982, 36047031, 36046924, 36045885, 36045971, 36046986, 36046812, 36047023, 36045006, 36046823, 36046988, 36046770, 36046191, 36046163, 35695786, 36046773, 36046062, 36046811, 36046647, 36044224, 36019877, 36029182, 36046931, 36038908, 36046847, 36046794, 36043961, 36043637, 36043314, 36042303, 36033220, 36046040, 36046410, 36046974, 36046780, 36046679, 36045722, 36046669, 36046801, 36046672, 36046586, 36046944, 36046309, 36045222, 36045943, 36041753, 36046853, 36046993, 36045319, 36046959, 36046673, 36045864, 36042810, 35852015, 36045182, 36046991, 35989216, 36040862, 36045148, 36046995, 31204014, 36046567, 36045986, 36045044, 36046092, 36043908, 36046806, 36027621, 36046950, 36038423, 36044217, 36045664, 36046312, 36046153, 36046241, 36040619, 36042955, 36045511, 36046694, 36046997, 36047029, 36046989, 36045633, 36046722, 36045305, 36036634, 36046314, 36045446, 36046453, 36046084, 36046458, 36046815, 36047008, 36047028, 36046868, 36047011, 36046792, 36047027, 36045733, 33995234, 36045324, 36041572, 36046660, 36046817, 36026256, 34677883, 36030923, 36046886, 36046610, 36041356, 36045279, 36047024, 35957673, 36044605, 36046339, 36046570, 36046905, 36046653, 36045772, 36045215, 36046484, 36047006, 36046346, 36046831, 36040633, 36047010, 36028029, 36047022, 36047021, 35849075, 36040051, 36045530, 36046621, 36045348, 36045674, 36045531, 36046763, 36046960, 36021469, 36045749, 36043247, 36036983, 36046937, 36046619, 36039705, 36045830, 36043454, 36046371, 36044617, 36044578, 36047009, 36046388, 36045720, 36044408, 36046628, 36047020, 36047019, 36045604, 36043803, 36044038, 36046880, 36046357, 36046420, 35893552, 36044941, 36047018, 36047017, 36046698, 36031755, 36046674, 36043732, 36046404, 36044966, 36047016, 36044457, 36046893, 36047015, 36044943, 36044427, 36046157, 36046413, 36042651, 36046645, 36046433, 36047014, 36040998, 36043008, 36046978, 36046558, 36047013, 36046101, 36047012, 36043962, 36046819, 36046265, 36042777, 35972539, 36046968, 36046897, 36046919, 36046987, 36046724, 36044788, 36044203, 36045717, 36046029, 36046700, 36036971, 36046846, 36037526, 36047007, 36046228, 36045912, 36046930, 36046683]
['ratchada', '17:20', '17:30', 36047040, 36046599, 36046766, 36046812, 36019877, 36043908, 36046989, 36046815, 36046886, 36045279, 36047006, 36046831, 36044617, 36044408, 36044038, 36046674, 36044966, 36046893, 36042651, 36046645, 36040998, 36043008, 36042777, 36046919, 36045717]
['rajdumnern', '17:20', '17:30', 36046938, 36046873, 36046982, 36046974, 36046628, 36046157]
['isolate', '17:20', '17:30', 36046903, 35980353, 36040018, 36046896, 36046986, 35957673, 36047014]
['social', '17:20', '17:30', 36046573, 36046941, 36039189, 36043464, 36047004, 36043740, 36046932, 35996982, 36045885, 35695786, 36046062, 36046931, 36043637, 36046974, 36046586, 36046959, 36038423, 36046314, 36036634, 34677883, 36046339, 36047006, 36040051, 36045531, 36036983, 36043454, 36045720, 36046628, 36046157, 36047013, 36047012, 36046029]
['religious', '17:20', '17:30', 36047036, 36045789, 36045885, 36046062, 36046811, 36046040, 36046993, 36038423, 36042955, 36047008, 36045531, 36043962]
['supachalasai', '17:20', '17:30', 36046994, 36046633, 36045842, 36046163, 36038908, 36046669, 36045943, 36046092, 36043908, 36045633, 36046653, 36045530, 36047020, 36046420, 36044941, 36046404, 36046645, 36046558, 36046819]
['siam', '17:20', '17:30', 36046573, 35621384, 36046233, 36046932, 36046721, 36045451, 35695786, 36046773, 36042303, 36046309, 36046673, 36045148, 36045986, 36047029, 36026256, 36047024, 36046346, 36040633, 36045531, 36044578, 36047018, 36031755, 36047016, 35972539, 36044203, 36045912]
['lumpini', '17:20', '17:30', 36047040, 36044121, 36043368, 36045971, 36046586, 36040619, 36030923, 36046978]
['sinthorn', '17:20', '17:30', 36046839, 36046990, 36046646, 36046918, 36046956, 36046924, 36046988, 36043637, 36042810, 36047028, 36041356, 36046484, 36047006, 36045348, 36043247, 36043454, 36044617, 36046265, 36046846]
['silom', '17:20', '17:30', 36039189, 36044745, 36046833, 36045451, 36043637, 36046586, 36046453, 36046458, 36046868, 34677883, 36041356, 36046265, 36046029, 36046930]
['wahkor', '17:20', '17:30', 36044745, 36043368, 36045305, 36045772]
['library', '17:20', '17:30', 36046799, 36046062, 36046995, 36042955, 36045305, 36046084, 36047015]
['art', '17:20', '17:30', 36044427]
