['food', '11:50', '12:00', 36044763, 36042443, 36045610, 36045963, 36042850, 36046029, 36045710, 36045896, 30087167, 36039449, 36043842]
['greenzone', '11:50', '12:00', 36045426]
['camera', '11:50', '12:00', 36045979, 36045299, 36045887, 36045622, 36046005]
['cartoon', '11:50', '12:00', 36046020, 36046047, 36038498, 35907980, 36046060, 36045160, 36045991]
['gallery', '11:50', '12:00', 36046081]
['klaibann', '11:50', '12:00', 36044383, 36046010, 36045814, 36045628, 36045934, 35852627, 36042183, 36045941]
['jatujak', '11:50', '12:00', 36045333, 36045930, 36044605, 36045853, 36039896, 36045580]
['chalermkrung', '11:50', '12:00', 36046071, 36044448, 36043644, 36044443, 36044658, 36046068, 36044973, 36046060, 36045658]
['chalermthai', '11:50', '12:00', 36045872, 36015325, 36041666, 36044658, 36042649, 35907980, 36046059]
['family', '11:50', '12:00', 36045707, 36044697, 36045697, 36045597, 36041432, 36043658, 36045830, 36042607, 36045018, 36045671, 36044080, 36046072, 35987935, 36014752, 36046068, 36026460, 36041580, 36043359, 36042069, 36043243]
['home', '11:50', '12:00', 36045930, 36040540, 33251341, 35316520, 36045597, 36045897, 36044185, 36045990, 36046066, 36033220, 36042649, 31306528, 36045232]
['siliconvalley', '11:50', '12:00', 36046087, 36045705, 35808696, 36038517, 36045405, 36045720, 36044445, 36045799, 36046067, 35225591, 36045991]
['beauty', '11:50', '12:00', 36044151, 36045878, 36045831, 35987935, 36046063, 36029763]
['writer', '11:50', '12:00', 36046084, 36022835]
['blueplanet', '11:50', '12:00', 36044383, 36046086, 36045902, 35987277, 36043310, 36045993, 36046081, 36045830, 36040329, 36028939, 36039189, 36045726, 36032099, 36045295, 36046010, 36046072, 36046070, 36045934, 35821649, 36045710, 36043620, 36045896, 36038089, 36045614, 36019134, 36045017, 36042183, 36044904]
['tvshow', '11:50', '12:00', 36018808, 36046016, 36045188, 35965407, 36045619, 36045872, 36046079, 36045321, 36044858, 36043426, 36039189, 36045419, 36044877, 36044467, 36045790, 36046037, 36044965, 36022011, 36046063, 36045842, 35989216, 36045658, 36045873, 36045941]
['bangrak', '11:50', '12:00', 36045140, 36045034, 36044697, 36044948, 36045172, 36045862, 36041432, 36045971, 36046027, 36045050, 36045867, 36045052, 36045353, 36045354, 36045056, 36045918, 36045671, 36044634, 36046075, 36045393, 36045061, 36045074, 36045477, 36045077, 36038498, 36043794, 36045865, 36045485, 36046061, 36041580, 36046058, 36045559, 35621384, 35808217, 36045662]
['horoscope', '11:50', '12:00', 36007033, 36046043, 36039856]
['pantip', '11:50', '12:00', 30484653]
['region', '11:50', '12:00', 35987277, 36045764, 33251341, 36043950, 36046081, 36042850, 36043620, 36028052, 36044446]
['mbk', '11:50', '12:00', 36045705, 36045890, 36045878, 36042788, 36046008, 36032459, 36043667, 36045919, 36034959, 36045998, 36046077, 36045606, 36045720, 36046019, 36046057, 36042438, 35909915, 36046065, 36044445, 36045799, 33146303, 36045821, 36044414, 36045616, 36045558, 36046042]
['all', '11:50', '12:00', 36044151, 36040502, 36045707, 36045530, 36018808, 36045426, 36045333, 36045930, 36007033, 36046078, 36040540, 36046087, 36045140, 36044383, 36046020, 36045034, 36046086, 36044697, 36045698, 36045902, 36046016, 36044763, 36045705, 36044948, 35987277, 36042443, 36043310, 36045890, 36045979, 36045646, 36045360, 36045878, 36045189, 36042788, 36045764, 36044966, 36045188, 33251341, 36045432, 36046008, 36032459, 36046085, 36046082, 36045831, 35965407, 36045993, 36045697, 36043667, 36045743, 36046084, 36045172, 36043583, 36044605, 36045759, 36045911, 36046071, 36045713, 36045862, 36045943, 36045619, 36045877, 36040689, 35316520, 35808696, 36045597, 36045610, 36046083, 30484653, 36044748, 36044863, 36038517, 36045746, 36045049, 36045371, 36045919, 36045442, 36043950, 36033940, 36045872, 36041432, 36043101, 36044784, 36045405, 36034959, 36045971, 36044448, 36046027, 36045897, 36045998, 36043962, 36045299, 36046081, 36046080, 36044313, 36045050, 36043658, 36045830, 36045867, 36040329, 36046079, 36045321, 36045167, 36044953, 36028939, 36045052, 36044858, 36042372, 36045353, 36015325, 36044138, 36046077, 36043426, 36039189, 36044185, 36044048, 36043644, 36045606, 36046047, 36045354, 36045720, 36045726, 36045056, 36045445, 36045595, 36045419, 36045087, 36044877, 36045963, 36046019, 36042607, 36046076, 36045508, 36032099, 36044078, 36045295, 36046057, 36042438, 36045918, 35909915, 36045018, 36042681, 36044467, 36045920, 36046065, 36044634, 36045671, 36044080, 36046075, 36046010, 36044445, 36041666, 36045799, 36044972, 36044443, 36045393, 36045986, 36042850, 36045790, 36046074, 36046073, 36045887, 36046072, 36040430, 36045814, 36045773, 36046037, 36044105, 36045061, 35987935, 36045955, 36044077, 36045953, 36045853, 36044658, 33146303, 36045545, 36045988, 36044965, 36044941, 36045074, 36045221, 36046070, 36045934, 36045628, 36044012, 36045495, 36045561, 35852627, 36014752, 36046069, 36045622, 36045990, 36046068, 36046062, 36044152, 36045758, 36046067, 36046029, 35821649, 36045477, 36046066, 36045710, 36045077, 36045498, 36045672, 36022011, 36035934, 36045821, 36043620, 36038498, 36046000, 36043032, 36042770, 36026460, 36045999, 36039896, 36033220, 36045591, 36044555, 36042649, 36044414, 36032036, 36044973, 36045896, 36038089, 36045715, 36046064, 36046063, 36045842, 36045959, 36043794, 36022835, 36045865, 35989216, 36045485, 35907980, 36028052, 36045616, 36046061, 35225591, 36045402, 36046060, 36046043, 36041580, 36043156, 36045614, 36045658, 36045520, 36046059, 36043359, 36045254, 30087167, 36045546, 31306528, 36042069, 36029763, 36039856, 36045160, 36042874, 36040627, 36044446, 36045873, 36023484, 36045709, 36046058, 36045559, 36045904, 36046005, 36043243, 36045385, 36045991, 36019134, 32315131, 36045017, 36045558, 36039449, 35621384, 36042183, 36045932, 36045232, 36044904, 36046042, 36043842, 35808217, 36045662, 36045941, 36045580]
['ratchada', '11:50', '12:00', 36046086, 36045764, 36044966, 36045993, 36044748, 36045442, 36043950, 36044313, 36044138, 36045508, 36044078, 36042681, 36045920, 36046074, 36044105, 36045988, 36045221, 36043032, 36044555, 36045715, 36045254, 36042874, 36044446, 36045904]
['rajdumnern', '11:50', '12:00', 36040540, 36045698, 36045360, 36045911, 36045746, 36044152, 36046000]
['isolate', '11:50', '12:00', 36033940, 36045167, 36046076, 36045955, 36045999, 36023484]
['social', '11:50', '12:00', 36044697, 36045705, 36046008, 36043667, 36045713, 36043950, 36045897, 36046080, 36043658, 36040329, 36042372, 36039189, 36045720, 36045963, 36044080, 36040430, 36045773, 36014752, 36046062, 36044152, 36045758, 36046029, 36042770, 36032036, 36041580, 36043243, 36044904]
['religious', '11:50', '12:00', 36046083, 36043962, 36044048, 36040430, 36044077, 36046069, 36046062, 36035934, 36043156, 36039856]
['supachalasai', '11:50', '12:00', 36045530, 36046078, 36045646, 36045878, 36045831, 36043583, 36045759, 36045943, 36040689, 36044863, 36045508, 36044972, 36045773, 36044105, 36045953, 36045988, 36044941, 36045842]
['siam', '11:50', '12:00', 36044151, 36045707, 36045034, 36044697, 36044948, 36045862, 36045371, 36046027, 36045050, 36045918, 36044634, 36046075, 36045986, 36045814, 36044012, 36045561, 36038498, 36045591, 36043794, 36022835, 36045865, 36040627, 36046058, 35621384, 35808217]
['lumpini', '11:50', '12:00', 36044697, 36045878, 36045189, 36045831, 36045049, 36045872, 36044784, 36045971, 36043658, 36045445, 35987935, 35852627, 36045758, 36026460, 36046061, 36040627, 36045385]
['sinthorn', '11:50', '12:00', 36045432, 36046085, 36046082, 36045713, 36044784, 36046080, 36044953, 36045595, 36046074, 36046073, 36045773, 36045495, 36045758, 36046066, 36045498, 36045672, 36045821, 36045959, 36028052, 36045520, 36045546, 31306528, 36042874, 36045932]
['silom', '11:50', '12:00', 36044151, 36040502, 36045877, 36045597, 36043101, 36046080, 36039189, 36045087, 36032099, 36044080, 36045773, 36045628, 36045495, 36046029, 36032036, 30087167]
['wahkor', '11:50', '12:00', 36045426, 36045698, 36043950, 36032099, 36045545, 36045561, 36043620, 36045715, 36046064, 36028052, 36045402, 36045385, 36045580]
['library', '11:50', '12:00', 36045707, 36042443, 36046084, 36045743, 36043101, 36042372, 36046062, 36038498, 36046063, 35907980, 36045402, 36040627, 36045709, 32315131, 36045941]
['art', '11:50', '12:00']
