['food', '11:30', '11:40', 36030737, 36046023, 36042944, 36043717, 36015372, 36045710, 36045731]
['greenzone', '11:30', '11:40', 36045593]
['camera', '11:30', '11:40', 36046024, 36045887, 36045979, 36045536, 36045547, 36046005, 36046002, 36040608, 36015497, 36045970]
['cartoon', '11:30', '11:40', 36046020, 36046018, 36045883, 36045898, 36044427]
['gallery', '11:30', '11:40', 36045182, 36040608]
['klaibann', '11:30', '11:40', 36045708, 36040051, 36045628, 36045882, 36044383, 36045469, 36046010, 36044382]
['jatujak', '11:30', '11:40', 36045333]
['chalermkrung', '11:30', '11:40', 36045849, 36015372, 36043061, 36046007, 36045658, 36046017, 36046015, 36045962, 36044892, 34186272, 36044968, 34829598]
['chalermthai', '11:30', '11:40', 36041666, 36015372, 36045881, 36037526, 36045898, 36015907, 36044995]
['family', '11:30', '11:40', 36045671, 36040051, 36045830, 36015372, 36043243, 36043658, 36045018, 36041432, 36043740, 36043860]
['home', '11:30', '11:40', 36044940, 36045990, 36042664, 36046011, 36041839, 36045888, 36019880, 36042698]
['siliconvalley', '11:30', '11:40', 36045704, 36045817, 36044723, 36045958, 36045849, 36044250, 36045327, 36043899, 36045705, 36042763, 36044361, 36046012, 36045766, 36044683, 36021984, 36040324, 36045115, 36046003, 36046001, 36044760, 36015497, 36045192, 36043845]
['beauty', '11:30', '11:40', 36045222, 36042817, 36044151, 36044008, 34332599, 36031657, 32503576, 36043807, 34200966, 36041921, 35271379, 36043860, 35959424]
['writer', '11:30', '11:40', 36046017]
['blueplanet', '11:30', '11:40', 36045708, 36046022, 36045830, 36045466, 36045882, 36045710, 36038138, 33828280, 36044383, 36039189, 36045182, 36045700, 36046010, 36045937, 36045928, 35794055, 36046002, 36045614, 36044590]
['tvshow', '11:30', '11:40', 36044323, 36045922, 36042817, 36045954, 36044965, 36015372, 36044923, 36045881, 36045658, 36046016, 36043593, 36039189, 36044936, 36045217, 36045044, 36045712, 36015907, 36045842, 36044212, 36045725, 36045103, 36038811, 34829598]
['bangrak', '11:30', '11:40', 36040610, 36045671, 36044723, 36043957, 36045862, 36041656, 36045997, 36045186, 36045218, 36045477, 36045233, 36044669, 36045491, 36041541, 36043107, 36045565, 36044364, 36041432, 36045912, 36045459, 36043740, 36044382, 36045235, 36045249, 36045247]
['horoscope', '11:30', '11:40', 36044008, 36035082, 36045997, 36043521, 35925930, 36045929, 36045196, 36042739]
['pantip', '11:30', '11:40', 36045841, 36044968]
['region', '11:30', '11:40', 36044364]
['mbk', '11:30', '11:40', 36045691, 36042603, 36045821, 36042724, 36046019, 36043667, 36046018, 36044250, 36043899, 36045705, 36042763, 36045847, 36046012, 36032288, 36045935, 36045606, 36045985, 36021984, 36042639, 36045616, 36046008, 36046003, 36043427, 36045998]
['all', '11:30', '11:40', 36045600, 36045691, 36041356, 36030737, 36044717, 36044940, 36042603, 36044323, 36046024, 36045222, 36045907, 36045333, 36045531, 36045708, 36040610, 36045904, 36045922, 36045887, 36046023, 36045671, 36045517, 36045563, 36042944, 36045821, 36040771, 36042817, 36045954, 36045990, 36040051, 36046022, 36045885, 36045944, 36045967, 36046021, 36045704, 36045979, 36044151, 36045830, 36045817, 36035679, 36043994, 36042724, 36044008, 36044723, 36041666, 36046020, 36044965, 36045958, 36043957, 36045849, 36046019, 36044365, 36035082, 36042664, 36044902, 36045466, 36043717, 36045759, 36015372, 36045988, 36045913, 36045628, 36045416, 36045882, 36043667, 36045745, 36043061, 36043243, 34332599, 36045710, 36043658, 36043699, 36045734, 36045876, 36045953, 36046018, 36045432, 36046007, 36044419, 36037195, 36046011, 36038138, 36045475, 36045862, 33828280, 36044250, 36044923, 36045881, 36045658, 36046017, 36045569, 36046016, 36041656, 36045445, 36045327, 36045997, 36043521, 36038437, 36045186, 35925930, 32939836, 36042333, 36044966, 36045911, 36045883, 36045920, 36043899, 36045832, 36045961, 36045218, 36045477, 36045458, 36045682, 36046015, 36038104, 36043593, 36044383, 36045705, 36042763, 36045536, 36031657, 36039189, 36045866, 36045547, 36045847, 36043911, 36044361, 36045182, 36046012, 36045943, 36037526, 36046014, 36045629, 36045233, 36041839, 36045018, 35844890, 36044614, 36045570, 36045962, 36044892, 36045341, 36046013, 36044936, 36045217, 36032288, 36045469, 36045858, 35194900, 36043027, 36045935, 36045888, 36045766, 36044669, 36045929, 36045606, 36045044, 36045712, 36043462, 36044683, 36045491, 36045700, 36045196, 36045985, 36042074, 36046010, 36043697, 32503576, 36045713, 36045305, 36045898, 36045442, 36021984, 36041541, 36046009, 36040502, 36045784, 36043107, 36045371, 36045565, 36044364, 36015907, 36019880, 36045959, 36045646, 36037997, 36044995, 36042639, 36045616, 36040324, 36046008, 36037764, 36045949, 36043807, 34200966, 34186272, 36041921, 36041432, 36046006, 36045115, 36045937, 36046005, 36045975, 36045928, 36045698, 36045963, 36046004, 36042684, 36042472, 36045633, 36045912, 36045925, 36045459, 36045841, 35794055, 36045842, 35271379, 36046003, 36044427, 36044968, 36042745, 36043840, 36046002, 36044212, 36045137, 36045731, 36043427, 36045614, 36040608, 36045660, 36046000, 35874294, 36045725, 36045945, 36046001, 36044760, 36042698, 36045999, 36043740, 36015497, 36044382, 36044590, 36045235, 36045593, 36045793, 36045249, 36045103, 36045402, 36045970, 36044710, 36045192, 36038811, 36045863, 36045247, 36045634, 36043845, 34829598, 36043705, 36043177, 36045998, 36042739, 36043860, 35959424]
['ratchada', '11:30', '11:40', 36045904, 36046022, 36035679, 36042724, 36045988, 36044966, 36045920, 36045832, 36045961, 36045458, 36045629, 36045570, 36044936, 36045442, 36046009, 36037997, 36045928, 36042472, 36045793]
['rajdumnern', '11:30', '11:40', 36045911, 36043462, 36042074, 36045698, 36042684, 36046000, 36043705]
['isolate', '11:30', '11:40', 36045944, 36045569, 36045866, 35874294, 36045999, 36043177]
['social', '11:30', '11:40', 36045691, 36045531, 36040051, 36045885, 36045967, 36044008, 36043957, 36043667, 36045745, 36043243, 36043658, 32939836, 36042333, 36038104, 36045705, 36039189, 35844890, 36043027, 36043462, 36045713, 36021984, 36046008, 36043807, 36046004, 36045963, 36045945, 36043740, 36045593]
['religious', '11:30', '11:40', 36044717, 36045531, 36040771, 36045885, 36045929, 36045593]
['supachalasai', '11:30', '11:40', 36045563, 36045759, 36045988, 36045913, 36043699, 36045953, 36044419, 36038437, 36043911, 36045943, 36046014, 36045341, 36045646, 36046006, 36045633, 36045842, 36045137]
['siam', '11:30', '11:40', 36045531, 36044151, 36044008, 36044723, 36043957, 36044365, 36037195, 36045862, 35925930, 36046013, 36045469, 35194900, 36044669, 36043107, 36045371, 36045975, 36045912, 36045660, 36044382]
['lumpini', '11:30', '11:40', 36043994, 36044902, 36045416, 36043658, 36038138, 36045445, 36042333, 36031657, 36044614, 36043697, 36043807, 35271379, 36043840, 36045945, 36043860]
['sinthorn', '11:30', '11:40', 36045600, 36041356, 36045907, 36045517, 36045821, 36045967, 36046021, 36042664, 36045734, 36045876, 36045432, 36046011, 36045475, 36044250, 32939836, 36045858, 36043462, 36045700, 36045713, 36045959, 36045949, 36042745, 36045731, 36045863, 36045634]
['silom', '11:30', '11:40', 36041356, 36044151, 36045849, 36044365, 36045628, 36038138, 32939836, 36039189, 36040502, 36042472, 36042745, 36045731, 36045634]
['wahkor', '11:30', '11:40', 36043061, 32939836, 36045682, 36045305, 36037764, 36045698, 36045402, 36044710]
['library', '11:30', '11:40', 36044365, 36015372, 36043061, 36046013, 36045469, 35194900, 36045305, 36045784, 36045925, 36045660, 36045402, 36044710]
['art', '11:30', '11:40', 36045817, 36044427]
