['food', '09:00', '09:10', 35075109, 36047216, 36044581, 30901055, 36048391, 36029123, 36048918, 36048432, 36048144, 36047728, 32144968, 36044196, 36048194]
['greenzone', '09:00', '09:10', 36048926, 36047216]
['camera', '09:00', '09:10', 36047336, 36048158, 36029450, 36048878, 36045622, 36048513, 36048367]
['cartoon', '09:00', '09:10', 36048253, 36048277, 36044906, 36048818]
['gallery', '09:00', '09:10', 36048878, 36048676]
['klaibann', '09:00', '09:10', 36048880, 36048923, 36048864, 36046737, 36048597]
['jatujak', '09:00', '09:10', 36048681, 36048926, 36045853, 36047339, 36048463]
['chalermkrung', '09:00', '09:10', 36047167, 36048845, 36048485, 36047978, 36047369]
['chalermthai', '09:00', '09:10', 36044906, 36039143]
['family', '09:00', '09:10', 36048556, 36045018, 36048739, 36046189, 36048586, 36044038]
['home', '09:00', '09:10', 36047425, 36048925, 36047216, 36045497, 36045535, 36045215, 36048719, 36042994]
['siliconvalley', '09:00', '09:10', 36048771, 36048128, 36048725, 36048277, 36048585, 36048919, 36047510, 36047647, 36048917, 36048898, 36046780, 36047648, 36048747, 35808696, 36048887, 36047814]
['beauty', '09:00', '09:10', 36048283, 36048830, 36048687, 36047007, 36048845, 36004072, 36048920, 36048913, 36048911]
['writer', '09:00', '09:10', 36045319, 36044670, 36045647, 36048468]
['blueplanet', '09:00', '09:10', 36048880, 36048801, 36048894, 36043142, 36048858, 36043458, 36048864, 36048676, 30872298, 36046417, 36042933, 35198589, 36044196, 36044436, 36047776, 36039189]
['tvshow', '09:00', '09:10', 35992637, 36048453, 35379282, 36048845, 36048485, 36048176, 36046590, 36047978, 36047377, 36047369, 36039189]
['bangrak', '09:00', '09:10', 36048523, 36048505, 36043107, 36046348, 36004072, 36047785, 36048915, 36048914, 36048583, 36045997, 36048586, 36044038]
['horoscope', '09:00', '09:10', 36046413, 36048670, 36045997, 36048811, 35487016]
['pantip', '09:00', '09:10']
['region', '09:00', '09:10', 36048858, 36048260, 36044446, 36044196, 36047776]
['mbk', '09:00', '09:10', 36047373, 36048909, 36048128, 36048355, 36024725, 36048725, 36048277, 36048339, 36046530, 36048888, 36028359, 36048185, 36047647, 34087263, 36048898, 36047822, 36048346, 36048444, 36030930, 36048747, 36048887, 36048910, 36048818, 36039251, 36048872]
['all', '09:00', '09:10', 36048903, 36047336, 36048929, 36048210, 36047373, 36048681, 36043081, 36048283, 36047313, 36047425, 36048880, 36048337, 36048646, 35992637, 36048801, 36048653, 36048158, 36048764, 36045319, 35075109, 36048253, 36048453, 36048927, 36044722, 36047167, 36048804, 36048720, 36048892, 36047420, 36048452, 36048923, 36048556, 35982387, 36046157, 36048830, 36048687, 36048797, 36048909, 36048894, 36048771, 35379282, 36048128, 36047007, 36048734, 36048523, 36043142, 36048355, 36048462, 36048249, 36024725, 36048904, 36048725, 36048496, 36048505, 36048926, 36047216, 36048925, 36048277, 36043107, 36046083, 36048817, 36044581, 36047464, 36048858, 36048924, 36029450, 36044670, 36048699, 35072177, 36046367, 36048860, 30901055, 36046348, 36045018, 36045497, 36048845, 36048922, 36048694, 36043458, 36046704, 36048585, 36048485, 36048391, 36048339, 36048899, 36048864, 36036210, 36004072, 36037764, 36044906, 35672078, 36048176, 36048126, 36048878, 36047637, 36048110, 36048921, 36046530, 36048888, 36048920, 36048739, 36044713, 36029123, 36028359, 36045622, 36046590, 36047785, 36048919, 36048918, 36045853, 36047510, 36048185, 36048707, 36047647, 34087263, 36045535, 36048917, 36048432, 36048054, 36048913, 36048260, 36042608, 36048898, 36039143, 36048144, 36048916, 36046737, 36047817, 36047339, 36048292, 36047822, 36048741, 36047852, 36048837, 36048676, 36048513, 36048650, 36047728, 36048915, 36048914, 36046780, 36042086, 30872298, 36045215, 36048346, 36048900, 36045647, 36047730, 36044446, 36048444, 36030930, 36046413, 36048670, 36047978, 36045305, 36048873, 36048722, 36048367, 36047377, 36009603, 36047648, 36048912, 36046417, 32144968, 36004052, 36042933, 35198589, 36048583, 36047775, 36044196, 36045997, 36048747, 36048836, 36048267, 36048811, 35808696, 36048887, 35487016, 36048911, 36048839, 36048463, 36048468, 36048597, 36045588, 36047814, 36048719, 36048910, 36044436, 36047776, 36042994, 36047369, 36029290, 36048818, 36048194, 36046189, 36048586, 36044038, 36039189, 36039251, 36048872, 36048908]
['ratchada', '09:00', '09:10', 36048903, 36048337, 36048801, 36044722, 36048452, 36048556, 36047464, 36048858, 36036210, 36047817, 36048292, 36044446, 36048722, 36048912, 36048267, 36048839, 36045588, 36029290, 36044038]
['rajdumnern', '09:00', '09:10', 36048892, 36047420, 36048923, 36046157, 36047852, 36047648]
['isolate', '09:00', '09:10', 36043081, 36048927, 36048899, 36048921, 36004052]
['social', '09:00', '09:10', 36048929, 36048210, 36046157, 36048830, 36048909, 36048523, 36048462, 36029450, 35672078, 36048739, 36048917, 36048913, 36048292, 36047852, 36048915, 36048873, 36009603, 36047648, 36044196, 36045588, 36039189, 36048872]
['religious', '09:00', '09:10', 36048496, 36046083, 36048126, 36044713, 36048260, 36047728]
['supachalasai', '09:00', '09:10', 36048646, 36048653, 36048804, 36048556, 36048249, 36048904, 36048924, 36046367, 36048922, 36046704, 36047637, 36048110, 36048054, 36046737, 36048741, 36048650, 36047730, 36048836, 36048839]
['siam', '09:00', '09:10', 36048734, 36048462, 36043107, 36046348, 36028359, 36047785, 36048913, 36048837, 36048914, 36042086, 36048873, 36048583, 35487016, 36048908]
['lumpini', '09:00', '09:10', 36048687, 36044581, 36048924, 36046367, 36029123, 36048913, 36048900, 36048911]
['sinthorn', '09:00', '09:10', 36048764, 36048923, 35982387, 36048523, 36048355, 36048505, 36048925, 36048817, 36048699, 35072177, 36048860, 36048694, 36048707, 36047647, 36047339, 36048292, 36045588, 36048719]
['silom', '09:00', '09:10', 36047420, 36048830, 36048523, 35072177, 35672078, 36048916, 36048292, 36048719, 36039189]
['wahkor', '09:00', '09:10', 36048720, 36048923, 36048797, 36037764, 36042608, 36048292, 36047728, 36045305, 36047775]
['library', '09:00', '09:10', 36043142, 36044670, 36048845, 36045305, 36048873, 36047775, 36048468]
['art', '09:00', '09:10', 36048463]
