['food', '21:10', '21:20', 36044581, 36047098, 36047789, 36047728, 36045960, 36015372, 36046959, 36047792, 36047194, 36044404, 36047344, 36043347]
['greenzone', '21:10', '21:20', 36045593]
['camera', '21:10', '21:20', 36045547, 36044929]
['cartoon', '21:10', '21:20', 36047837, 36047663, 36047854, 36046771, 36047781]
['gallery', '21:10', '21:20', 36047823, 36047798, 36044929]
['klaibann', '21:10', '21:20', 36047863, 36046100, 36047668, 36044487, 36047810]
['jatujak', '21:10', '21:20', 36038893, 36045333, 36047520, 36043368, 36045580, 36047494]
['chalermkrung', '21:10', '21:20', 36047818, 36047840, 36047851, 36044892, 36047557, 36047178, 36047440, 36047569, 36015372, 36047337, 36047844, 36047561, 36047369, 36047169]
['chalermthai', '21:10', '21:20', 36047848, 36043368, 36015372]
['family', '21:10', '21:20', 36045018, 36047634, 36041432, 36047666, 36047632, 36047857, 36047615, 36047853, 36015372, 36047800, 36043914, 36047778]
['home', '21:10', '21:20', 36042698, 36047329, 36047816, 36047463, 36047146, 36047842, 36047192]
['siliconvalley', '21:10', '21:20', 36046292, 36042763, 36047647, 36043978, 36046942, 36047230, 36047794, 36047841, 36047679, 36026641, 36047773, 36044974]
['beauty', '21:10', '21:20', 36044151, 36042817, 35038311, 35058267, 36047110, 36047839, 36047813, 36047858, 36047855, 36043959, 36047749, 36045222, 36047778, 36047825, 36047063, 36041866, 36040997]
['writer', '21:10', '21:20', 36045767]
['blueplanet', '21:10', '21:20', 35993356, 36047520, 36047860, 36046894, 36045506, 36047823, 36044487, 36047810, 36047849, 36046925, 36044404, 36037732, 36047798, 36047468, 36044929]
['tvshow', '21:10', '21:20', 36046063, 36047835, 36047435, 36042817, 36047634, 36045922, 36047442, 36047719, 36047698, 36047746, 36046354, 36047680, 36047805, 36047831, 36046832, 36015372, 36046823, 36047690, 36046219, 36038356, 36047192, 36047369, 36041639]
['bangrak', '21:10', '21:20', 36047867, 36045376, 36047838, 35970358, 36047508, 36047836, 36047716, 36041432, 36045459, 36047587, 36047850, 34798243, 35775622, 36047658, 36047628, 36047430, 36047824, 36046428, 36047620, 36047853, 36047804, 36041650, 36047684, 36047785, 36043537, 36047575, 36046339, 36047703, 35256378, 36047766, 36047174, 36047248, 36047762, 36047400]
['horoscope', '21:10', '21:20', 36047866, 36047516, 36042629, 36044224, 36047832, 36047364, 36047639, 36046413]
['pantip', '21:10', '21:20']
['region', '21:10', '21:20', 36044851, 35993356, 36045494, 36047860, 36047821, 36045908, 36047849, 36044446, 36037732]
['mbk', '21:10', '21:20', 36046874, 36047774, 34852490, 36047865, 36042763, 35851280, 36045733, 36047714, 36047822, 36047373, 36046473, 36047694, 36047802, 36047647, 36047847, 36047771, 36047230, 36047272, 36042724, 36044974]
['all', '21:10', '21:20', 36047774, 36046874, 36046063, 36044581, 36047098, 36047835, 34852490, 35915527, 36047435, 36046292, 36038893, 36047458, 36047867, 36047866, 36047818, 36047516, 36045376, 36044151, 36046629, 36047838, 35970358, 36047508, 36042817, 36042629, 36045018, 36047342, 36047078, 36047865, 36042698, 36047836, 36045911, 36042763, 36047806, 36047716, 36044851, 36047691, 36047634, 35993356, 36045333, 36047304, 36041432, 36047520, 35851280, 36045459, 36047864, 36047329, 35038311, 36047840, 36045922, 36047240, 36047132, 35058267, 36047863, 36045494, 36047020, 36047587, 36044224, 36047843, 36047850, 36047789, 36047862, 36045205, 36047861, 36041746, 36047656, 36047110, 36047442, 36046949, 36045733, 36047851, 36047852, 36045767, 36047817, 36047860, 30731094, 34034125, 35065927, 36044892, 36034241, 34798243, 36047839, 36047848, 36047714, 35775622, 36047719, 36047822, 36047658, 36047837, 36047832, 36047859, 36046894, 36047698, 30549743, 36047746, 36012939, 36046354, 36047332, 36046930, 36047557, 36045506, 36046429, 36047373, 36047680, 36046473, 36047632, 36044811, 36047694, 36047728, 36047813, 36047238, 36047858, 36046815, 36047178, 36047440, 30811402, 36047805, 36047628, 36045593, 36047364, 36045646, 36047777, 36047809, 36040771, 36047831, 36047775, 36046832, 36047430, 36045988, 36045067, 36047857, 36047824, 36046428, 36046786, 36047856, 36047569, 36047821, 36047663, 36047615, 36046100, 36047855, 36047854, 36047816, 36047620, 36047853, 36047802, 36047668, 36047764, 36047823, 30660706, 36043368, 36043959, 36047672, 36044487, 36047639, 36047638, 36034162, 36047449, 36015372, 36047810, 36041356, 36046823, 36046959, 36047337, 36045908, 36047647, 36043978, 36046111, 36047749, 36047849, 36045758, 36047804, 36044446, 36047847, 36047463, 36041650, 36047800, 36046925, 36047684, 36047671, 36046942, 36047523, 36046771, 36047223, 36047690, 36045633, 36046710, 36044972, 36045547, 36045222, 36047846, 36045842, 36046219, 36047771, 36047785, 36047792, 36047845, 36047194, 36043037, 36047786, 36045956, 36047765, 36043537, 36045623, 36047146, 36045698, 36043914, 36047781, 36047844, 36040502, 36047575, 36047230, 36047778, 36046974, 36045580, 36044404, 36047790, 36037732, 36047561, 36047794, 36046339, 36047703, 36047798, 36044283, 36047825, 36047272, 36038356, 36040864, 35256378, 36047842, 36047841, 36047008, 36047468, 36044929, 36047355, 36047421, 36047063, 36045943, 36047192, 36047679, 36047766, 36047369, 36041866, 36046413, 36040618, 36047344, 36043347, 36026641, 36047174, 36041956, 36047169, 36047248, 36040646, 36047494, 36042724, 36047773, 36047614, 36047309, 36047762, 36041639, 36044974, 36047400, 36047044, 36047834, 36040997, 36046811, 36046404]
['ratchada', '21:10', '21:20', 36047078, 36047132, 36047863, 36045494, 36047817, 36046815, 36045988, 36047821, 36046111, 36044446, 36047846, 36047765, 36047575, 36047790, 36037732, 36040646, 36042724]
['rajdumnern', '21:10', '21:20', 36045911, 36047806, 36047304, 36046949, 36047852, 36047638, 36047671, 36047223, 36045698, 36046974, 36047614, 36047044]
['isolate', '21:10', '21:20', 36047861, 35065927, 36034241, 36047859, 36047764, 36034162, 36047845]
['social', '21:10', '21:20', 36047634, 36047240, 36047863, 36047852, 30731094, 36047714, 36047658, 36047832, 36046894, 36045506, 36047632, 36047238, 36047856, 36047663, 36047615, 36046959, 36047749, 36045758, 36047847, 36041650, 36047771, 36043914, 36047575, 36047778, 36046974, 36046339, 36041866, 36041956, 36047309]
['religious', '21:10', '21:20', 36047728, 36045593, 36040771, 36044283, 36047008, 36047355, 36047344, 36046811]
['supachalasai', '21:10', '21:20', 36047458, 36047020, 36045646, 36047777, 36045988, 36045067, 36045633, 36044972, 36045842, 36047765, 36045623, 36047825, 36045943, 36040618, 36046404]
['siam', '21:10', '21:20', 35915527, 36047867, 36045376, 36047838, 35970358, 36047508, 36047836, 36047716, 36044851, 36047864, 36047587, 36047851, 34798243, 36047658, 36012939, 36047813, 36047238, 36047628, 36047809, 36047430, 36047824, 36047663, 36047620, 36047749, 36047684, 36047785, 36047786, 36047778, 36047063, 36047421, 36047174, 36047309]
['lumpini', '21:10', '21:20', 36044581, 36047240, 36047110, 30731094, 36047658, 30549743, 36046429, 36047813, 36047858, 30811402, 36047857, 36047663, 30660706, 36043368, 36045758, 36047703, 36047825, 36040864, 36041866, 36047174]
['sinthorn', '21:10', '21:20', 36046629, 36047342, 36047691, 36047656, 36047332, 36047632, 36047813, 36047615, 36047672, 36047449, 36041356, 36047647, 36045758, 36047523, 36047421, 36047044, 36047834]
['silom', '21:10', '21:20', 36047240, 36047862, 36045205, 36046930, 36045506, 36047632, 36046786, 36041356, 36046942, 36040502]
['wahkor', '21:10', '21:20', 36047843, 36041746, 36047110, 36046949, 34034125, 36044811, 36047728, 36047775, 36043368, 36046710, 36045956, 36045698, 36045580, 36044929, 36047494, 36047614]
['library', '21:10', '21:20', 36046063, 35915527, 36047634, 36047863, 36046949, 34034125, 36047848, 36047632, 36047238, 36047775, 36047668, 36015372, 36043037]
['art', '21:10', '21:20']
