['food', '09:20', '09:30', 36034094, 36044704, 36038937, 36042443, 36044106, 36045451, 36044738]
['greenzone', '09:20', '09:30', 36045593]
['camera', '09:20', '09:30', 36041085, 36045141, 36045412, 36045299, 36043455, 36045547, 36045536]
['cartoon', '09:20', '09:30', 36045161]
['gallery', '09:20', '09:30', 36045141, 36045182, 34891901]
['klaibann', '09:20', '09:30', 36045596, 36045523, 36039950]
['jatujak', '09:20', '09:30', 36045333, 36042267, 36044702, 36043145, 36043368, 36045311]
['chalermkrung', '09:20', '09:30', 36029291, 36044892, 36045109, 36045594, 36044217, 36044973, 36044443]
['chalermthai', '09:20', '09:30', 36029291, 36041666, 36045161, 36045454, 36043368]
['family', '09:20', '09:30', 36044773, 36045597, 36045485, 36014752, 36045586, 36044539, 36041432, 36045135, 36044038]
['home', '09:20', '09:30', 36042698, 36045597, 36042463, 36044833]
['siliconvalley', '09:20', '09:30', 36037956, 36045412, 36045602, 36044445, 36044868, 36044874, 36044128]
['beauty', '09:20', '09:30', 36044151, 36044121, 36045222, 36045290, 36045586]
['writer', '09:20', '09:30', 36045604]
['blueplanet', '09:20', '09:30', 36045409, 36045438, 36039189, 36045587, 36045466, 36044818, 36044637, 36012271, 36045182, 36045506, 36045596, 35985421, 36033343, 36042151, 34891901, 36045295, 36043142, 36045489, 36040329]
['tvshow', '09:20', '09:30', 36045583, 36044965, 36039189, 36045321, 36045193, 36044980, 36036971, 36044758, 35989216, 36044936, 36045594, 36044217, 36044972, 36045044, 36029598, 36044514, 36044263, 36041145, 36045570]
['bangrak', '09:20', '09:30', 36040610, 36045599, 36045339, 36004797, 36045485, 36045459, 36045481, 35793925, 36041799, 36044539, 36041432, 36044038]
['horoscope', '09:20', '09:30', 36043879]
['pantip', '09:20', '09:30']
['region', '09:20', '09:30', 36044897, 36044704, 36045552]
['mbk', '09:20', '09:30', 36045606, 36045443, 36045592, 31262453, 36043299, 36045585, 36044445, 36045598, 36042463, 36044552, 36045556, 36044938, 36045084, 36045280, 36045010]
['all', '09:20', '09:30', 36045606, 36045333, 36044432, 36043705, 36041085, 36045409, 36045545, 36045600, 36040610, 36037956, 36045141, 36029291, 36045583, 36044307, 36045438, 36044965, 36045530, 36045531, 36044892, 36039189, 36041052, 36045605, 36036832, 36045321, 36044897, 36041895, 36045193, 36042267, 36034094, 36038900, 36044201, 36043328, 36045443, 36041666, 36045592, 36044165, 36045595, 36045587, 36045037, 36045466, 36045412, 36044980, 36044750, 36045604, 36044012, 36044902, 36045603, 36044704, 36044773, 36045602, 31262453, 36044818, 36043299, 36045161, 36045299, 36036971, 36044637, 36042698, 36045601, 36044151, 36045460, 36038553, 36045109, 36045408, 36044121, 36042045, 36044942, 36041263, 36044717, 36012271, 36045544, 36045585, 36045182, 36044758, 36045599, 36044445, 36045598, 36037764, 36045004, 36045442, 36044429, 36045506, 36038066, 36041956, 36045371, 36044702, 36045555, 36045496, 36045339, 36045597, 36045596, 36044950, 36045001, 36044944, 36045015, 36038937, 36042443, 36042463, 36044833, 36043145, 35985421, 36044078, 36045482, 35989216, 36033343, 36045475, 36004797, 35985483, 36045523, 36044936, 35807012, 36045485, 36044868, 36044106, 36045594, 36045593, 36045005, 36045451, 36044438, 36044874, 36043879, 36044272, 36044217, 36044941, 36044972, 36016369, 36045151, 36042837, 36045591, 36044738, 36041033, 36045590, 36044973, 36044552, 36045222, 36045532, 31299746, 36036597, 36045305, 36045589, 36043455, 36044249, 36044128, 36045044, 36029598, 36045547, 36040627, 36045454, 36045459, 36044474, 36044049, 36042151, 36045481, 36045556, 36045588, 36044072, 36045536, 36045384, 36039950, 36045352, 36044938, 36045428, 36045546, 36045552, 36037043, 36045084, 36045280, 36045026, 36033474, 36014752, 36044514, 36045290, 36045311, 36045295, 34891901, 36045586, 36045502, 35793925, 36044759, 36043142, 36045489, 36041799, 36044263, 36045498, 36040329, 36036958, 36045584, 36041145, 36044443, 36045010, 36044958, 36044539, 36041432, 36045135, 36044038, 36045570, 36042528]
['ratchada', '09:20', '09:30', 36044897, 36045603, 36041263, 36045442, 36044078, 36044936, 36045005, 36045151, 36042837, 36045532, 36044249, 36029598, 36045588, 36045026, 36045502, 36036958, 36044038, 36045570]
['rajdumnern', '09:20', '09:30', 36043705, 36044049]
['isolate', '09:20', '09:30', 36045605, 36045601, 36038553, 35985483, 35807012, 36045590, 36036597, 36045589, 36045352, 36045428]
['social', '09:20', '09:30', 36045531, 36039189, 36036832, 31262453, 36043299, 36045408, 36044121, 36045506, 36041956, 36045555, 36045593, 36045151, 36042837, 36044552, 36029598, 36045459, 36044049, 36045588, 36044072, 36014752, 36041799, 36040329, 36044958, 36045570]
['religious', '09:20', '09:30', 36045531, 36036832, 36044942, 36044717, 36045496, 36045593, 36045584]
['supachalasai', '09:20', '09:30', 36045530, 36038900, 36044165, 36045544, 36044429, 36038066, 36044941, 36044972, 36044474, 36037043, 36042528]
['siam', '09:20', '09:30', 36045531, 36041895, 36044012, 36044151, 36045544, 36045371, 36045339, 36004797, 36045523, 36045485, 36045005, 36045451, 36043879, 36041033, 36040627, 36045459, 36033474, 36045586, 35793925]
['lumpini', '09:20', '09:30', 36044902, 36044121, 36045004, 36044702, 36044833, 36043879, 36040627, 36045586, 36041799]
['sinthorn', '09:20', '09:30', 36044432, 36045409, 36045600, 36044307, 36044897, 36043328, 36045595, 36045037, 36044750, 36045460, 36042045, 36044950, 36045001, 36044944, 36045015, 36042463, 36045482, 36045475, 36044438, 36044272, 31299746, 36045588, 36044072, 36045546, 36044759, 36045498, 36044958]
['silom', '09:20', '09:30', 36039189, 36041052, 36044897, 36044750, 36045602, 36044151, 36045506, 36045597, 36045001, 36042463, 36045523, 36044106, 36045451, 36016369, 36044249, 36044072, 36045384, 36039950, 36044958]
['wahkor', '09:20', '09:30', 36045545, 36044201, 36044121, 36012271, 36037764, 36044944, 36044833, 36045523, 36045305, 36045552, 36045570]
['library', '09:20', '09:30', 36044201, 36042443, 36044972, 36045305, 36040627, 36045552, 36043142]
['art', '09:20', '09:30']
