['food', '22:50', '23:00', 36046033, 36039449, 36045451, 36048240, 36042474, 36042736, 36045357, 36043933, 36039374, 36046829, 32596413, 32144968, 36047792, 36047958, 36047094]
['greenzone', '22:50', '23:00', 35997746, 36048205]
['camera', '22:50', '23:00', 36048245, 36047801, 36047889, 30935536, 36047212, 36047121, 36046096, 36047974, 36048221, 36048207]
['cartoon', '22:50', '23:00', 36046740, 35999075, 36046929, 36045968, 36045208, 36048223]
['gallery', '22:50', '23:00', 36048245, 36040945, 36046679, 36046976]
['klaibann', '22:50', '23:00', 36046033, 36024893, 36045469, 36045774]
['jatujak', '22:50', '23:00', 35997746, 36047995, 35303803, 36046976, 36046977]
['chalermkrung', '22:50', '23:00', 36047818, 36047991, 36047569, 36046975, 36048242, 36047840, 36048080, 36047557, 36047561, 36048177, 36046929, 36048138, 36048134, 36048062]
['chalermthai', '22:50', '23:00', 36048229, 36048036, 36048192, 36044799, 36039143, 36046929, 36045208, 36048140, 36044398]
['family', '22:50', '23:00', 36041608, 36047615, 36046033, 36047853, 36044038, 36044080, 36048130, 36047610, 36045830]
['home', '22:50', '23:00', 36047200, 30372329, 35228674, 36042536, 32011586, 36046977]
['siliconvalley', '22:50', '23:00', 36047230, 36048019, 36048115, 36040878, 36046859, 36048233, 36046996, 36048228, 36047200, 36047427, 35060773, 36047189, 36047961, 36048190, 36048220, 36048218, 36047647]
['beauty', '22:50', '23:00', 36048239, 36048235, 36048226, 36047281, 36048186]
['writer', '22:50', '23:00', 36047922, 36045324, 36047938, 36044411]
['blueplanet', '22:50', '23:00', 36048229, 36040945, 35969176, 35156788, 36039882, 36047233, 36045830, 36044799, 35998723, 36048219, 36046679]
['tvshow', '22:50', '23:00', 36048229, 36047922, 36047938, 36047805, 36018808, 36047746, 36048176, 36048231, 36047957, 36048167, 36047435, 35989216, 36045881, 36047690, 36048147, 36047640, 36047885, 36047229, 36048140, 36047294, 36039937, 36048217]
['bangrak', '22:50', '23:00', 36047721, 36048149, 36041608, 36048244, 36047853, 36044038, 36048169, 36047745, 36026256, 36048240, 36048224, 36039993, 36004797, 36048238, 36048237, 36048160, 36046870, 36048208, 36047838, 36048214, 36048052, 36048225, 36046210, 36047465, 36043107, 36048200, 36045459]
['horoscope', '22:50', '23:00', 36048100, 36047639, 36046340, 36044224, 36047364]
['pantip', '22:50', '23:00', 36047229]
['region', '22:50', '23:00', 36040945, 36040878, 36039882, 36047529, 36039374, 36044446, 36048200]
['mbk', '22:50', '23:00', 36048197, 31217149, 36047183, 36047230, 36048019, 36047822, 36047602, 36047961, 36048218, 36042724, 36047624, 36048217, 36047647]
['all', '22:50', '23:00', 36047721, 36046740, 36047818, 36048123, 36048197, 31217149, 36047183, 36048229, 36048245, 36047790, 36047922, 36047991, 36047569, 36048149, 36048145, 36040945, 36047651, 36045324, 36047938, 35969176, 36046975, 36041608, 36048244, 36047230, 36048143, 36048085, 36047999, 36048100, 36047615, 36045842, 36046033, 36044038, 36047853, 36044080, 36039449, 36048169, 36048019, 35156788, 36039007, 36048115, 36048243, 36047805, 36047745, 36018808, 36047639, 36048175, 36040878, 36026256, 35988076, 36024893, 36045451, 36047840, 35999075, 35997746, 36048240, 36047801, 36047995, 36039882, 36048224, 36047320, 36048241, 36047746, 36047671, 36039993, 36045686, 36048184, 36048130, 36048210, 36047458, 36048239, 36048176, 36047223, 36044755, 36048110, 36004797, 36048238, 36041139, 36048036, 36045920, 36048234, 36048237, 36047889, 36048236, 30935536, 36042474, 36047212, 36048235, 36046340, 36047529, 36048160, 30018026, 36046870, 36047817, 36048231, 36048208, 36048080, 36045758, 36047557, 36046859, 36048233, 36042736, 36045357, 36047233, 36048192, 36046996, 36048232, 36047822, 36047901, 36047121, 36047838, 36047610, 36047764, 36048205, 36048230, 36045830, 36048228, 36047200, 36048214, 36047427, 36047957, 30372329, 36048167, 36044799, 36039143, 36047435, 36047561, 36048177, 36048132, 35056137, 36043933, 36048227, 36039374, 36048226, 36047083, 36046929, 36045968, 36048150, 35989216, 36045881, 36045208, 36047281, 36041746, 36045600, 36048052, 36028858, 36047602, 36048225, 36045331, 36045469, 36047690, 36048147, 36043796, 36044224, 32144968, 32596413, 36027000, 35228674, 36048191, 36047947, 36044446, 36047792, 36047640, 36042536, 36048223, 36046096, 36047885, 36048138, 36046210, 35998723, 35303803, 36047465, 35060773, 36047189, 36047421, 36047489, 36047229, 36047953, 36047961, 36048190, 36047958, 36047974, 36047094, 36048222, 36048140, 36048221, 36048220, 36048134, 36032189, 36043107, 36042532, 36047044, 36048186, 36048219, 36045348, 36048218, 36048200, 36047364, 36044398, 36045459, 36042724, 36048207, 36047932, 36047294, 36046679, 36044411, 36048168, 36047624, 36039937, 36046976, 36035073, 36048217, 36048062, 36047777, 36047647, 36047637, 32011586, 36048183, 36048216, 36046977, 36045774]
['ratchada', '22:50', '23:00', 36047790, 36048145, 35969176, 36048143, 36044038, 35156788, 36048175, 35988076, 36044755, 36045920, 36048234, 36047212, 36047817, 36045331, 36043796, 36027000, 36044446, 36047489, 36042724]
['rajdumnern', '22:50', '23:00', 36039007, 36047671, 36047223, 36048132, 36047044]
['isolate', '22:50', '23:00', 36048243, 36048241, 36048236, 36048232, 36047764, 36048230, 35056137, 36048227, 36048150, 36028858]
['social', '22:50', '23:00', 36047615, 36048210, 36041139, 36046870, 36045758, 36047233, 36047610, 36047465, 36047953, 36048183, 36046977]
['religious', '22:50', '23:00', 36047999, 36041139, 36047529, 36048222]
['supachalasai', '22:50', '23:00', 36045842, 36048184, 36047458, 36048110, 36035073, 36047777, 36047637]
['siam', '22:50', '23:00', 36041608, 36048244, 36048169, 36047745, 36026256, 36045451, 36039993, 36004797, 36048238, 36048160, 30018026, 36046870, 36048208, 36047838, 36048214, 36047083, 36048052, 36045469, 36048191, 36046210, 36047465, 36047421, 36032189, 36043107, 36048200, 36048183, 36048216]
['lumpini', '22:50', '23:00', 36048123, 36046033, 36048239, 36045758, 36047610, 36047281, 36048183]
['sinthorn', '22:50', '23:00', 36048085, 36047615, 36048130, 36045758, 36047901, 36048132, 36047083, 36045600, 36027000, 36047947, 35303803, 36047421, 36047094, 36047044, 36045348, 36047932, 36048168, 36047647]
['silom', '22:50', '23:00', 36045451, 36048240, 36045686, 36047901, 36048228, 36048132, 35303803, 36047953, 36047094]
['wahkor', '22:50', '23:00', 36047651, 36047995, 36045686, 36048205, 36041746, 36042532]
['library', '22:50', '23:00', 36047922, 36047651, 36047320, 36045469, 36048191, 36047640, 36045774]
['art', '22:50', '23:00', 36046929]
