['food', '18:20', '18:30', 36046829, 36044196, 36046761, 36047216, 36046959, 35715172, 36030737, 36044752, 36046836, 36046044, 30119202, 36038660, 36045960]
['greenzone', '18:20', '18:30', 36047216]
['camera', '18:20', '18:30', 36047212, 36047010]
['cartoon', '18:20', '18:30', 36047222, 36042985, 36047151, 36046105, 36046191, 36046847]
['gallery', '18:20', '18:30', 36047071, 36046876, 36046679, 36047010]
['klaibann', '18:20', '18:30', 36047199, 36046829, 36045823, 36044921]
['jatujak', '18:20', '18:30', 36045333, 36045853, 36045947, 36046977, 36044153]
['chalermkrung', '18:20', '18:30', 36044968, 36046015, 36047167, 36046853, 36047178, 36044101, 36044217, 35974035, 36047120, 36046923, 36046515, 36045109]
['chalermthai', '18:20', '18:30', 36047222]
['family', '18:20', '18:30', 36041608, 36047057, 36044038, 36044080, 35719282, 36045018, 36047217, 35733435, 36046760, 36046155, 36047204, 36046189, 36037153, 32822702, 35097724]
['home', '18:20', '18:30', 36043285, 33924787, 36047146, 36033220, 36047013, 36044833, 36046544, 36047216, 36042664, 36042397, 36047192, 36046977, 30692804, 36036608, 36045215, 36047187, 36047111, 36042698, 36045232, 36047200]
['siliconvalley', '18:20', '18:30', 36047171, 36036634, 36047207, 36046580, 36044287, 36037153, 36046916, 36047200]
['beauty', '18:20', '18:30', 36044151, 35999149, 36047217, 36047215, 35716507, 36041498, 36038660, 36047203]
['writer', '18:20', '18:30', 36043882]
['blueplanet', '18:20', '18:30', 36047199, 36047071, 36046508, 36044196, 36046386, 36046876, 36046925, 36046937, 36042862, 36047136, 36046679, 36046660, 36047176, 36038089]
['tvshow', '18:20', '18:30', 36047086, 36046979, 36046555, 36044665, 36046853, 36047153, 36047138, 36047213, 36047134, 36047128, 36046647, 36044217, 35974035, 36047120, 35913321, 36047192, 35989216, 36047105, 36047154, 36047091, 36045166, 36018808]
['bangrak', '18:20', '18:30', 36040911, 36041608, 36044959, 36044038, 36040900, 35721502, 35719282, 36045216, 35720822, 35720519, 36045459, 35720526, 36046436, 36046869, 35720568, 35720694, 36041658, 35720729, 35716648, 36046760, 36047064, 35716507, 36047211, 36047210, 36044273, 35716427, 35955361, 35713865, 36046897, 34121358, 34093824, 36043815, 34117957, 36046245, 34060664, 35097724]
['horoscope', '18:20', '18:30', 36046891, 36046895, 36044224, 36046340, 36045687]
['pantip', '18:20', '18:30', 36047086, 36044968, 35999149, 36046647]
['region', '18:20', '18:30', 36044196, 36046937, 36047205, 36041177]
['mbk', '18:20', '18:30', 36046153, 36047164, 36026217, 36046203, 36046077, 36047183, 36047162, 36046514, 36043211, 36041177, 36037153, 36047068, 36046997, 36046864]
['all', '18:20', '18:30', 36045758, 36040911, 36047224, 36041608, 36044959, 36046153, 36047222, 36046938, 36047086, 36046891, 36043285, 36047057, 36046669, 36042988, 36047198, 36047103, 36046979, 36047181, 36046555, 33924787, 36047199, 36044038, 36046812, 36044968, 36047164, 36040900, 36046811, 36042985, 30625633, 36026217, 36043882, 30669818, 36046843, 36046203, 36046015, 13076157, 36047146, 36047221, 36044151, 36046829, 35721502, 36047220, 36044080, 36035626, 36045333, 36047071, 36037764, 36047167, 36044665, 35719282, 36033220, 36046994, 36045531, 36045216, 36046853, 36045853, 36046077, 36047219, 35720822, 36044283, 36047201, 36046508, 36047153, 36047013, 36044833, 35720519, 36045018, 36044196, 36045459, 36045673, 36046895, 36047138, 36046386, 35720526, 36044950, 36046436, 36046876, 36046408, 36045486, 35999149, 36047218, 36046964, 36046544, 36043891, 36047151, 36046761, 36045810, 36046869, 36038104, 36044224, 36046873, 36047217, 30878685, 36045646, 36047216, 36046959, 36047183, 36047215, 36047171, 36045947, 36047162, 36047214, 36046839, 36046925, 35720568, 36047178, 36046937, 36047102, 36047213, 35720694, 35733435, 36041658, 36042862, 35720729, 36045385, 36047107, 36047134, 36046105, 36047128, 36040502, 36046760, 35716648, 36045746, 36046647, 36045842, 35715172, 36047064, 36047212, 35716507, 36046163, 36046248, 36042664, 36044101, 36044217, 36047136, 36042397, 36046786, 36046679, 36047010, 36030737, 35974035, 36046155, 36047205, 36047120, 35913321, 36046660, 36036634, 36046514, 36045348, 36047184, 36047192, 36046923, 36046956, 36047044, 34921820, 36044752, 36046977, 36047211, 36046847, 36047210, 36044329, 36040627, 36044273, 36047209, 36047156, 30692804, 36046515, 36043101, 36045823, 36046836, 36043211, 35989216, 36047073, 35827185, 36047207, 36036608, 36047149, 36047105, 36045215, 36047176, 36046471, 35716427, 36041177, 36046340, 36041498, 36047206, 36045846, 36046580, 35955361, 35713865, 36046044, 30119202, 32068852, 36047204, 36047142, 36038660, 36044287, 36047187, 36046189, 36046897, 34121358, 36047203, 36037153, 36046862, 36038089, 36047154, 36046223, 36045109, 36045305, 36046466, 34093824, 36046710, 36047114, 36036570, 36045960, 36043815, 36047202, 36047111, 36046916, 34117957, 36046245, 32822702, 36042698, 36047068, 34144756, 36043911, 36046997, 36044153, 36047074, 34060664, 36045232, 36047200, 36047091, 35097724, 36044921, 36045621, 36046864, 36045687, 36043902, 36045166, 36047028, 36041963, 36045570, 36018808, 31363007]
['ratchada', '18:20', '18:30', 36046812, 36044038, 30669818, 36047212, 36047205, 36047184, 34921820, 36047073, 32068852, 36046223, 36044153, 36041963, 36045570]
['rajdumnern', '18:20', '18:30', 36046938, 36047103, 36046843, 36046408, 36043891, 36046873, 36045746, 36047044, 35827185, 36047074]
['isolate', '18:20', '18:30', 36042988, 36047219, 36047214, 36046248, 36046862, 36036570]
['social', '18:20', '18:30', 36045758, 36047057, 36047181, 33924787, 36026217, 36043882, 35719282, 36045531, 36047013, 36044196, 36046386, 36046869, 36038104, 36046959, 36047107, 35716648, 35715172, 36036634, 36046977, 36047210, 36047156, 36046836, 36046580, 36046223, 36047114, 36043815, 35097724]
['religious', '18:20', '18:30', 36046811, 36045531, 36044283]
['supachalasai', '18:20', '18:30', 36046669, 36046994, 36047201, 36045646, 36047213, 36045842, 36046163, 36047205, 36045846, 36046466, 36043911]
['siam', '18:20', '18:30', 36040911, 36047224, 36041608, 36044959, 36047198, 36047181, 36040900, 30625633, 36047221, 35721502, 36045531, 36045216, 36046436, 36047218, 35720568, 36041658, 36047064, 35716507, 36047120, 36047211, 36047210, 36040627, 36044273, 36047156, 35716427, 36047206, 35713865, 36043815, 34060664, 36043902]
['lumpini', '18:20', '18:30', 36045758, 36043882, 36046829, 36044833, 36045673, 36045486, 36045810, 36047217, 35720694, 36045385, 35716648, 36044329, 36040627, 36047209, 36047156, 36038660, 36047202, 31363007]
['sinthorn', '18:20', '18:30', 36045758, 33924787, 36047220, 36044950, 36043891, 36046839, 36047102, 36047107, 36042664, 36042397, 36046514, 36045348, 36046956, 34921820, 36047044, 36045823, 36047187, 36047114, 36047111, 36047074, 36047028]
['silom', '18:20', '18:30', 13076157, 36047107, 36040502, 35715172, 36042397, 36046786, 36043101, 36045823, 36046836, 36047149, 36046916, 34144756]
['wahkor', '18:20', '18:30', 36037764, 30878685, 36045385, 36044329, 36046471, 36047142, 36044287, 36045305, 36046710, 36047202]
['library', '18:20', '18:30', 36047224, 36043882, 36047221, 36035626, 36046964, 36043891, 36040627, 36043101, 36045305, 36047091, 36044921, 36043902]
['art', '18:20', '18:30']
