['food', '14:10', '14:20', 36044588, 36046453, 36046029, 30785037, 36042443, 36045451, 36044319, 36045963]
['greenzone', '14:10', '14:20', 35997746, 36045593]
['camera', '14:10', '14:20', 36039926, 36043904, 36046448, 36046234, 36046447, 36045771]
['cartoon', '14:10', '14:20', 32880906, 36046099, 36046446, 36042590, 36039192, 36045871, 36042108, 36040037, 36044875, 36046191]
['gallery', '14:10', '14:20', 36046126, 36037572]
['klaibann', '14:10', '14:20', 36044588, 36040051, 36046386, 36046241, 36046228, 36044450, 36045823, 36043073]
['jatujak', '14:10', '14:20', 36045333, 36041412, 36045311, 35997746, 35865776, 36045853, 36044605, 36042966, 36044153]
['chalermkrung', '14:10', '14:20', 36046264, 36046410, 36046015, 36046450, 36046071, 36045849, 36041680, 36044327, 36032800]
['chalermthai', '14:10', '14:20', 36041666, 36046393, 36045861, 36042836]
['family', '14:10', '14:20', 36040051, 36044080, 36045018, 36041432, 36014752, 36043243, 36046189, 36040037, 36046237, 36043108, 36039913, 34990783, 36036359, 36046303, 31719029]
['home', '14:10', '14:20', 36041412, 36045753, 36044405, 36035463, 36042698, 36046440, 36044185, 36042664, 36044940, 36045573]
['siliconvalley', '14:10', '14:20', 36046293, 36046399, 36044974, 36046451, 36045849, 36045848, 36042321, 36046447, 36044405, 36046292, 36046441, 36039192, 36042108, 36046376, 36044875, 36046191]
['beauty', '14:10', '14:20', 36044151, 36043792, 36046187, 36045222, 36044457, 36043991, 36046444, 36046189, 36044008, 36026379, 36044045, 36043108]
['writer', '14:10', '14:20', 36046316]
['blueplanet', '14:10', '14:20', 35849075, 36046386, 36044630, 36042777, 36038171, 36046126, 36045506, 36045425, 36043310, 36021642, 36045700, 36046328, 36044236, 36044450, 36029399, 35429012, 36045993, 36043388, 36037572, 36046360, 36043073, 36044818, 36046303, 36042737]
['tvshow', '14:10', '14:20', 36046362, 36046411, 36046063, 36046299, 36046354, 36046238, 36045044, 36044343, 36044169, 36041680, 36046089, 36046170, 32597756, 36044622, 36045861, 36046405, 36043909, 36032800, 36043593, 36020525, 36044654, 36038777]
['bangrak', '14:10', '14:20', 36046285, 36046348, 36041432, 36046061, 36046428, 36046371, 36046383, 36043107, 36044006, 36040084, 36045085, 36046436, 36046437, 36046139]
['horoscope', '14:10', '14:20', 33939838, 36046340, 36039837, 36046413, 36045394, 36045632, 33719681, 36044998, 36044881, 34990783]
['pantip', '14:10', '14:20', 36046405]
['region', '14:10', '14:20', 36044630, 36038171, 36044236, 36043388, 36046360]
['mbk', '14:10', '14:20', 35927880, 36044974, 36045799, 36042724, 36027643, 36046332, 36044506, 36042321, 36046442, 36045800, 36046349, 36046274, 36042655, 36044414, 36044856, 32763875, 36039944, 36046421, 36040424, 36046434, 36046077]
['all', '14:10', '14:20', 36046074, 33939838, 36046293, 36046399, 36039926, 32880906, 36040051, 36044588, 35927880, 36045333, 36046285, 35849075, 36046348, 36044080, 36045018, 36045746, 36046453, 36041412, 36046362, 36045548, 36046216, 36043799, 36046264, 36046073, 36044974, 36046410, 36045842, 36046359, 36046340, 36046083, 36043904, 36045311, 36046099, 36044151, 36041666, 32475962, 36043792, 36044249, 36046411, 36039837, 36041432, 36045348, 36046015, 36046063, 36046413, 36046299, 36046061, 36046386, 36045999, 36045844, 36042196, 36046054, 36046187, 36014752, 36045394, 36046029, 36045799, 36043027, 35997746, 36044630, 36046234, 36046439, 36044614, 36046354, 36046238, 36046451, 36046428, 36042777, 36043843, 36043911, 36046450, 36046053, 36045044, 36042388, 36046361, 36040114, 36044474, 36043969, 36038171, 36045753, 36046126, 36043555, 36042724, 36046316, 36027643, 36044343, 36046432, 36046430, 36046332, 36043177, 36046371, 36046258, 36046427, 36045506, 36046071, 36045849, 36045943, 36044506, 36045222, 36045848, 36045425, 36043243, 36046241, 36046253, 36043310, 36042321, 36046447, 36044169, 36041680, 36045632, 36046446, 36044405, 36021642, 36046393, 36046445, 36042590, 36045593, 35996982, 33719681, 36044457, 36046383, 36046229, 36046025, 36044698, 35865776, 36046292, 36045853, 36042493, 36045798, 36043991, 36046444, 36046189, 36046443, 36046442, 36046246, 36044327, 36044432, 36046441, 36046109, 36043107, 36046089, 36046228, 36045495, 36045634, 36035463, 36044008, 36042698, 36045429, 36045800, 36045885, 36046223, 30785037, 36045037, 36046349, 36039192, 36046420, 36044605, 36045700, 36042966, 36046170, 36045871, 36044006, 36042108, 36046274, 36042655, 36045913, 36044652, 36046328, 36045818, 36044153, 36040037, 36044414, 32597756, 36044998, 36042443, 36040084, 36045531, 36044856, 36046263, 36044622, 36046408, 36045829, 36046440, 36044185, 33915754, 36045861, 36026379, 36044236, 36046405, 36046376, 36042664, 32763875, 36044045, 36044875, 36042836, 36044450, 36045451, 36043909, 36039944, 36029399, 36044940, 36045085, 36046265, 36046421, 36032800, 36046171, 36046136, 36046436, 36043593, 36046437, 35429012, 36040424, 36020525, 36045517, 36046139, 36044121, 36046237, 36044881, 36045759, 36046426, 36045993, 36043108, 36045911, 36046311, 36045823, 36046435, 36041602, 34638169, 36039913, 36043962, 36043388, 36044319, 36045573, 36046434, 34990783, 36037572, 36046360, 36046077, 36046243, 36045963, 36043073, 36044654, 36045510, 36045771, 36046191, 36046290, 36045623, 36036359, 36046151, 36044818, 36046303, 35446485, 36038777, 36042737, 36045964, 31719029]
['ratchada', '14:10', '14:20', 36046074, 36043799, 36046359, 36044249, 36044630, 36042777, 36042724, 36046258, 36046445, 36046229, 36046223, 36044153, 36045993, 36046435, 34638169, 36046360]
['rajdumnern', '14:10', '14:20', 36045746, 36046408, 33915754, 36045911]
['isolate', '14:10', '14:20', 36045999, 36045844, 36046430, 36043177, 36046426]
['social', '14:10', '14:20', 32880906, 36040051, 36044080, 36046386, 36042196, 36014752, 36046029, 36043027, 36046439, 36043969, 36027643, 36046258, 36045506, 36045848, 36043243, 35996982, 36042493, 36046246, 36045429, 36045885, 36046223, 36044006, 36045531, 36045829, 36042836, 35429012, 34638169, 36045963, 36036359, 36046151]
['religious', '14:10', '14:20', 36046083, 36045593, 36045885, 36045531, 36043962, 34990783, 36045510, 35446485]
['supachalasai', '14:10', '14:20', 36045842, 36043911, 36043843, 36046361, 36040114, 36044474, 36045943, 36046109, 36046420, 36045913, 36045759, 36043108, 36045623]
['siam', '14:10', '14:20', 36046348, 36045548, 36039837, 36042196, 36046053, 36046383, 36046246, 36043107, 36044006, 36045531, 36045451, 36046436, 36046437, 36046311]
['lumpini', '14:10', '14:20', 36046216, 32475962, 36046061, 36042196, 36046054, 36046187, 36044614, 36043969, 36044698, 36044121, 36043108]
['sinthorn', '14:10', '14:20', 36046074, 36046073, 36045348, 36042388, 36043555, 36046432, 36046253, 36046025, 36045798, 36046246, 36044432, 36045495, 36045634, 36045037, 36045700, 36044652, 36045818, 36046263, 36042664, 36046265, 36046136, 36045517, 36045823, 34638169, 36045573, 36046243, 36046290, 36046303, 36045964]
['silom', '14:10', '14:20', 36044080, 36046453, 36046216, 36044249, 36046029, 36046439, 36043969, 36046427, 36045506, 36045849, 36045425, 36042493, 36046443, 36045495, 36045634, 36045429, 36045871, 36045451, 36046265, 35429012, 36046303]
['wahkor', '14:10', '14:20', 36046187, 36046441, 33915754, 36041602]
['library', '14:10', '14:20', 36046063, 32597756, 36042443, 36042836, 36046171]
['art', '14:10', '14:20']
