['food', '17:40', '17:50', 36047037, 36047098, 36046792, 36046959, 36045731, 36047094, 36047026, 36044334, 36046928, 36046556, 36045451]
['greenzone', '17:40', '17:50']
['camera', '17:40', '17:50', 36047095, 36045979, 36045828, 36046878, 36045098]
['cartoon', '17:40', '17:50', 36046929, 34845679, 36045898, 36046935, 36043992, 36046162]
['gallery', '17:40', '17:50', 36047071, 36046679, 36046976, 36046556, 36030270]
['klaibann', '17:40', '17:50', 36046725, 36045823, 35970666, 36047096, 36046108, 36043549, 36047059]
['jatujak', '17:40', '17:50', 36046968, 36041489, 33796461, 36010983, 36045853, 36046977, 36046976, 36047092]
['chalermkrung', '17:40', '17:50', 36046929, 36046574, 36046813, 36046962, 36046853, 36044217, 36045658, 36046071, 36044610, 36043644, 36044892, 36045091]
['chalermthai', '17:40', '17:50', 36046929, 36045898]
['family', '17:40', '17:50', 36043740, 36044943, 36044080, 36046902, 35954528, 35578227, 36020151, 36047057, 36047093, 36041432]
['home', '17:40', '17:50', 36045990, 36041489, 36023482, 36047099, 36045215, 36046977, 36042482, 36046536, 36047092, 36046924, 36047013, 36033178, 36046744, 36030270, 36024955]
['siliconvalley', '17:40', '17:50', 36046580, 34854352, 36046859, 36046323, 36040954, 36046942, 36044289, 36046399, 36047088, 36044082, 36045098, 36047051]
['beauty', '17:40', '17:50', 31997513, 36042817, 36032376, 36044151, 36047100, 36046088, 36045222]
['writer', '17:40', '17:50', 36044670]
['blueplanet', '17:40', '17:50', 36046725, 36046937, 36045700, 35970666, 36027621, 36046417, 36046634, 36047071, 36046987, 36046397, 36046679, 36046660, 36047060, 36046108, 36046481, 36046894, 36047026, 36047059, 36043458]
['tvshow', '17:40', '17:50', 36046953, 36041639, 36046832, 36042817, 36046995, 36046853, 36046627, 36044217, 36047091, 36047003, 36046819, 36045658, 36042263, 36046016, 36047030, 36046770, 36046948, 36046392, 36045193, 36044610, 36047086]
['bangrak', '17:40', '17:50', 36043740, 36046968, 36047041, 34845679, 36046532, 36043107, 36046841, 36047064, 36044582, 36046673, 35954528, 36046868, 36047045, 36010983, 36046733, 36047039, 36047032, 36044931, 36041541, 36047093, 36046955, 36047076, 36041432, 36026256, 36043066, 36046983, 36044273, 36046027, 36043190, 36046869, 36047038]
['horoscope', '17:40', '17:50', 36046340, 36041160, 36046891, 36045929, 36043879, 36046802, 36044224, 36039837]
['pantip', '17:40', '17:50', 36046995, 36047086]
['region', '17:40', '17:50', 36046937, 36045864, 36047050, 36037976, 36047081, 36046957]
['mbk', '17:40', '17:50', 36046877, 36044673, 36046887, 36047079, 36046789, 36046967, 36027643, 36046941, 36047080, 36046792, 36046332, 36046008, 36028359, 36045733, 36047004, 36047068, 36044289, 36046716, 36046991, 36045070, 32689839, 36037976, 36046563, 36045418, 36046863, 36046864]
['all', '17:40', '17:50', 36046725, 35855928, 36046769, 36047103, 36043740, 36046889, 36046937, 36046580, 36044943, 36045700, 36046669, 36046877, 36046340, 36045646, 36046929, 36044673, 36046574, 31997513, 36045990, 36046663, 36041160, 36046813, 36046891, 36044493, 36046953, 36046812, 36045545, 32723918, 36046962, 36046887, 36045823, 36047102, 36041639, 36047037, 36044080, 36044162, 36046848, 35970666, 36046902, 36047079, 36046968, 36047041, 36045809, 36046839, 36046832, 36046789, 36027621, 36046417, 34845679, 36047096, 36046532, 36042817, 36044241, 36037226, 36046634, 36041489, 36046964, 36043107, 36046995, 36047054, 36046841, 36047098, 36045864, 36032376, 36047087, 36047071, 36046853, 36046795, 36047064, 36046627, 36046967, 36047028, 36041356, 36027643, 36023482, 36046941, 36046952, 36044582, 36044670, 36045898, 36046673, 36047101, 36047095, 36045148, 36046987, 36046710, 36044151, 36046397, 36047080, 33796461, 36046679, 36043796, 36043846, 36045885, 36046792, 36046660, 34854352, 36044217, 36046332, 36046689, 36047091, 36044283, 36046959, 36047003, 32275799, 36046859, 36046157, 36046599, 36046935, 35954528, 36046868, 36047045, 36047060, 36010983, 36047099, 36047100, 36046882, 36045731, 36047083, 36046733, 36046323, 36047039, 36040954, 36046819, 36047032, 36045658, 36046008, 36040502, 36045215, 36046108, 35578227, 36046547, 36046846, 36047044, 36043549, 36045853, 36045929, 36046645, 36045759, 36043992, 36046811, 36045979, 36042263, 36046052, 36028359, 36046481, 36046088, 36047097, 36045733, 36044931, 36020151, 36046942, 36046994, 36047057, 36046016, 36047085, 36047094, 36045832, 36023453, 36046977, 36046162, 36046990, 36045988, 36047004, 36041541, 36042482, 36045828, 36046976, 36036279, 36047068, 36046894, 36046536, 36047093, 36047092, 36043879, 36046924, 36040771, 36046955, 36037177, 36047030, 36047013, 36046435, 36046770, 36047076, 36046939, 36046799, 36045348, 36033178, 36044289, 36046948, 36046716, 36047090, 36047089, 36047026, 36047059, 36046878, 36046399, 36046392, 36046744, 36041432, 30970393, 36046071, 36046991, 36047088, 36045070, 36047050, 36044082, 36045193, 36046802, 36046311, 36046629, 36026256, 36046164, 36044334, 36043066, 36044610, 36046862, 32689839, 36043644, 36043458, 36046928, 36047086, 36047084, 36046983, 36037976, 36044273, 36047082, 36046563, 36046843, 36045418, 36046027, 36046452, 36046556, 36044892, 36043190, 36045098, 36044224, 36016863, 36045091, 36046129, 36046869, 36047081, 36030270, 36039837, 35999386, 36045222, 36045451, 36024955, 36046863, 36045116, 36047038, 36046864, 36047051, 36046835, 36046957, 36047078]
['ratchada', '17:40', '17:50', 35855928, 36046812, 35970666, 36045809, 36037226, 36047087, 36043796, 36043846, 36046599, 36046108, 36046547, 36046645, 36045832, 36045988, 36037177, 36046435, 36047078]
['rajdumnern', '17:40', '17:50', 36047103, 36046157, 36047044, 36047050, 36046164, 36046843]
['isolate', '17:40', '17:50', 36044162, 36047101, 36047089, 36046862, 35999386]
['social', '17:40', '17:50', 36043740, 36046580, 36045700, 36046663, 32723918, 36047079, 36046902, 36046789, 36047054, 36047087, 36027643, 36046941, 36046952, 36045885, 36046959, 32275799, 36046157, 35954528, 36046008, 36047057, 36046977, 36047004, 36036279, 36046894, 36046536, 36047013, 36047076, 36047050, 32689839, 36046556, 36046869]
['religious', '17:40', '17:50', 36046769, 36046795, 36045885, 36044283, 36045929, 36046811, 36040771, 36047082]
['supachalasai', '17:40', '17:50', 36046669, 36045646, 36044493, 36045809, 36047054, 36046819, 36046645, 36045759, 36046994, 36045988, 36046536, 36045116, 36046835, 36046957]
['siam', '17:40', '17:50', 32723918, 36047041, 34845679, 36047096, 36046532, 36043107, 36046841, 36047064, 36046673, 36045148, 36047045, 36010983, 36047083, 36028359, 36043879, 36047076, 30970393, 36046802, 36046311, 36026256, 36043066, 36044273, 36047082, 36047081, 36039837, 36045451]
['lumpini', '17:40', '17:50', 31997513, 36046848, 36046902, 36046882, 35578227, 36020151, 36043879]
['sinthorn', '17:40', '17:50', 36046889, 36046887, 36045823, 36047102, 36046839, 36047028, 36041356, 36046689, 36047083, 36046846, 36047044, 36047097, 36047094, 36046990, 36042482, 36046924, 36046939, 36045348, 36046629, 36047084, 36046452, 36016863, 36030270]
['silom', '17:40', '17:50', 36045823, 36041356, 36046952, 36046868, 36045731, 36040502, 36046052, 36046942, 36047094, 36023453, 36045828, 36047090, 36047082, 36047081, 36045451]
['wahkor', '17:40', '17:50', 36045545, 36046848, 36044241, 36046710, 36023453, 36046802, 36045116]
['library', '17:40', '17:50', 36046964, 36046995, 36044670, 36047091, 36046799, 36044289, 36047050, 36047082, 36046556, 36046129, 36047081, 36030270]
['art', '17:40', '17:50', 36046929, 36044289, 36046878, 36044082]
