['food', '19:20', '19:30', 36046186, 36047037, 36046829, 36044588, 36045963, 36046928, 36047418, 36047216, 36044788, 36047344]
['greenzone', '19:20', '19:30', 36045593, 36047216, 36047295]
['camera', '19:20', '19:30', 36044110, 36047336, 36044929, 36046096]
['cartoon', '19:20', '19:30', 36047311, 36046771, 36043597, 36047299, 36046685, 36046191, 36046588, 36045208]
['gallery', '19:20', '19:30', 36045811, 36046679, 36044929]
['klaibann', '19:20', '19:30', 36046829, 36047252, 36044588, 31965539, 35816995, 30880597, 36047415, 36043150, 36045774, 36044450]
['jatujak', '19:20', '19:30', 36046977, 36045311, 36047339, 36046968, 36045333, 36047232]
['chalermkrung', '19:20', '19:30', 36047387, 36046763, 36047428, 36043256, 36046975, 36047178, 36039157, 36046853, 36047120]
['chalermthai', '19:20', '19:30', 36047311, 36046112, 36009783, 36047412, 36044561, 36035544, 36047022, 36037503, 36045208]
['family', '19:20', '19:30', 36045811, 36044080, 36044943, 36045018, 36041608, 36043954, 36043418, 36047401, 36044788, 36046342, 36044038, 36047057]
['home', '19:20', '19:30', 36047425, 36041692, 36045990, 36046715, 36046977, 36047216, 36047200, 32340240]
['siliconvalley', '19:20', '19:30', 36047427, 36047423, 36047417, 36047381, 36046942, 36047230, 36046191, 30186572, 36047200, 36047341, 36041773, 36047368, 36046996]
['beauty', '19:20', '19:30', 36046793, 36047411, 36044018, 36047100, 36045222, 36047414, 36024033, 36039157, 36044151]
['writer', '19:20', '19:30', 36042726]
['blueplanet', '19:20', '19:30', 36045811, 36047327, 35816995, 36046679, 35941834, 36044818, 36044929, 36043150, 36046696, 36039874, 36039189, 36047300, 36047365, 36044450]
['tvshow', '19:20', '19:30', 36047213, 36047338, 36045217, 36047424, 36047433, 36046238, 36047428, 36047383, 36045675, 36047404, 36047409, 36047377, 36028796, 36047030, 36047138, 35967733, 36047229, 36047154, 36046770, 36046948, 36039157, 36047294, 36039189, 36046853, 36047120, 36047022, 36047091, 36047399, 36046627]
['bangrak', '19:20', '19:30', 36047234, 36047430, 36047038, 36022267, 36047405, 36047422, 36047410, 36041608, 36031582, 36047401, 36047415, 35925111, 36046700, 35775622, 36047182, 36044531, 36046968, 36044038, 36047407, 36047173, 36047248, 36023833, 36047393, 36047267]
['horoscope', '19:20', '19:30', 36047364, 36046891, 36047196, 36046715, 36033289, 36039837, 36042739, 36047394, 36044224, 36044881, 36047407, 36046947, 36046340]
['pantip', '19:20', '19:30', 36047429, 36047229]
['region', '19:20', '19:30', 36047327, 36047408, 36041177, 36044063, 36047295, 36039874]
['mbk', '19:20', '19:30', 36047426, 36046603, 36047379, 36047272, 36041177, 36047179, 36047419, 36047388, 36047374, 36047230, 36047183, 36043999, 36047373, 35702680, 36045733, 36047307, 36044047, 35723253]
['all', '19:20', '19:30', 36047364, 36047213, 36047311, 36047338, 36047425, 36041692, 36045990, 36046186, 36045593, 36045217, 36047083, 36047413, 36046891, 36046827, 36047196, 36043903, 36047387, 36047037, 36046846, 36046829, 36047040, 36047227, 36045811, 36046763, 36047301, 36047427, 36046458, 36047234, 36047426, 36047252, 36047327, 36047424, 36047429, 36044588, 36044080, 36042726, 36047433, 36046603, 36046793, 36047432, 36047431, 36046238, 36047430, 36046901, 31965539, 35816995, 36047411, 36047428, 36046858, 36047305, 36047383, 36047332, 36046771, 36047404, 36045675, 36046679, 36045346, 36047409, 36047280, 36047312, 36047223, 36047038, 36047184, 30880597, 36022267, 36047379, 36047408, 36044018, 36044943, 36045018, 36047405, 36047423, 36047272, 36047422, 36041177, 36046835, 36047102, 36046715, 36047104, 36045963, 36047100, 36047377, 36046977, 36047078, 36046928, 36028796, 36033289, 36039837, 36044179, 36044110, 36046914, 36047421, 36047318, 36046112, 36047030, 36043597, 36041608, 36047410, 36047179, 36047420, 36045311, 36043954, 36047138, 36046927, 36042739, 36043418, 36047419, 36045222, 36047418, 36047299, 36044063, 36031582, 36047401, 36047417, 35967733, 36047388, 36047416, 36047229, 36047415, 36009783, 36047381, 36047414, 36045546, 36046942, 36045974, 36047216, 36043048, 35941834, 36046765, 36046867, 36047225, 36047374, 30257144, 36047154, 36043256, 36044788, 36047394, 36047313, 36045915, 36046975, 36047178, 36044902, 36047090, 36046994, 35925111, 36047295, 36046727, 36044224, 36046685, 36044881, 36041704, 36047336, 36046700, 36024033, 36047412, 36047230, 36038908, 36046191, 36044818, 35775622, 36044929, 36047182, 36047339, 30186572, 36044531, 36046968, 36047200, 36047074, 36046770, 36046588, 36047314, 36045333, 36047048, 36046342, 36047183, 36047322, 36044038, 36045305, 36047160, 36043999, 36044561, 36043150, 36047341, 36035544, 36046696, 36047407, 36039874, 36046948, 36047297, 36039157, 36047294, 36047173, 36047363, 36041622, 36047373, 36047406, 32340240, 36040627, 36046083, 36041773, 36039189, 36046947, 36046633, 36047368, 36047248, 36046420, 35702680, 36046853, 36047300, 36047344, 36023833, 36045733, 36047044, 36047403, 36047307, 36044283, 36047012, 36046996, 36046799, 36046795, 36047115, 36047232, 36045590, 36047306, 36046949, 36047120, 36047091, 36047022, 36037503, 36044047, 36046096, 36047402, 36047393, 36045774, 36047309, 36046933, 35723253, 36045208, 36047399, 36047365, 36047057, 36047267, 36045762, 36046340, 36046903, 36044450, 36046627, 36044151]
['ratchada', '19:20', '19:30', 36047040, 35816995, 36047184, 36047078, 36043048, 36047295, 36041704, 36044038, 36047160, 36041622, 36047115, 36046933, 36047365]
['rajdumnern', '19:20', '19:30', 36047280, 36047312, 36047420, 36047074, 36047044, 36046949]
['isolate', '19:20', '19:30', 36046901, 36045915, 36047048, 36047406, 36047403, 36045590, 36046903]
['social', '19:20', '19:30', 36047426, 36046603, 36047432, 36047431, 36046858, 36047305, 36047408, 36047104, 36045963, 36046977, 36044179, 36046914, 36047410, 36047415, 35941834, 36047407, 36039189, 36047012, 36047393, 36047309, 36047057]
['religious', '19:20', '19:30', 36045593, 36039874, 36046083, 36047344, 36044283, 36046795, 36045762]
['supachalasai', '19:20', '19:30', 36047213, 36047301, 36046835, 36047318, 36047225, 36046994, 36046727, 36038908, 36046633, 36046420]
['siam', '19:20', '19:30', 36047083, 36047234, 36047429, 36047431, 36047430, 36047405, 36047422, 36047104, 36033289, 36039837, 36044179, 36047421, 36047410, 36041608, 36031582, 36047416, 36047415, 36046765, 35941834, 36047182, 36047297, 36047173, 36047363, 36040627, 36023833, 36047120, 36047402, 36047393, 36047309, 36047267]
['lumpini', '19:20', '19:30', 36046829, 36047040, 36047252, 36046793, 36047411, 36043418, 36044902, 36047407, 36040627]
['sinthorn', '19:20', '19:30', 36047083, 36047413, 36046827, 36043903, 36046846, 36047327, 36047332, 36047102, 36047421, 36046927, 36045546, 36047339, 36047074, 36047314, 36047322, 36047363, 36047044, 36044047]
['silom', '19:20', '19:30', 36047227, 36046458, 36047431, 36047420, 36046942, 36045974, 36046765, 36047090, 30186572, 36047314, 36047363, 36039189]
['wahkor', '19:20', '19:30', 36047252, 30257144, 36047313, 36044929, 36045305, 36047306, 36046949, 35723253]
['library', '19:20', '19:30', 36045346, 35941834, 36046765, 36046867, 36047412, 36045305, 36040627, 36046799, 36046949, 36047091, 36037503, 36045774]
['art', '19:20', '19:30', 36047295]
