['food', '14:00', '14:10', 36030737, 36043933, 36046044, 36039449, 36039288, 36045710, 36046295]
['greenzone', '14:00', '14:10']
['camera', '14:00', '14:10', 36040854, 36046096, 31598530, 36046194]
['cartoon', '14:00', '14:10', 36046318, 36045898, 36045208, 36046047, 36045002, 36046113, 36045991, 34234239]
['gallery', '14:00', '14:10', 36046126, 36026130, 36046414]
['klaibann', '14:00', '14:10', 36045882, 36046100, 36046386, 36046241, 36045596, 36039950]
['jatujak', '14:00', '14:10', 36045333, 36039896, 36043368, 36045930]
['chalermkrung', '14:00', '14:10', 36046264, 36045962, 36046410, 36046015, 36039157, 36044892, 36046312, 36045190]
['chalermthai', '14:00', '14:10', 36041666, 36046393, 36045898, 36045208, 36045861, 36043368, 36043507, 36044561, 36046113]
['family', '14:00', '14:10', 36043108, 36046369, 36041432, 36045018, 36039288, 36041608, 36045830, 36046189, 36046342, 36044038, 36046412, 36043243, 36042804]
['home', '14:00', '14:10', 36044405, 36035998, 36046201, 36045753, 36046066, 36046423, 36041991, 36045930, 36040807]
['siliconvalley', '14:00', '14:10', 36046433, 36044405, 36042321, 36046356, 36046323, 36046423, 36046424, 36045812, 36046399, 36046244, 36046288, 36045991, 36043463, 36046409]
['beauty', '14:00', '14:10', 36046088, 36043108, 36044151, 36046178, 36039157, 36046319, 36046242, 36045222, 36046272, 36044457, 33977870, 36046189, 36046176, 33102184, 35161139]
['writer', '14:00', '14:10', 36046226]
['blueplanet', '14:00', '14:10', 36046126, 36046431, 36046395, 36042737, 36045882, 36046386, 36038089, 36045506, 36046422, 36045596, 36031445, 33881922, 36046341, 36045830, 35980614, 36044236, 36044818, 36046194, 36045710, 36039189, 36046417, 36046396, 36034521, 36045063, 36046414]
['tvshow', '14:00', '14:10', 35989216, 36044719, 36046016, 36046362, 36046299, 36039157, 36044829, 36040354, 36045861, 36044323, 36046063, 36046411, 36045217, 36046381, 36044858, 36044622, 36046120, 36044169, 36045712, 36039189, 36045002, 36045873, 36043104, 36029475]
['bangrak', '14:00', '14:10', 36041432, 36046261, 36046428, 36045168, 36041608, 36043107, 36045249, 36041247, 36046383, 36046314, 36030145, 36046364, 36046371, 36038162, 36037886, 34514729, 36044038, 36046300, 36046339]
['horoscope', '14:00', '14:10', 34872574, 36046051, 36046347, 36046341, 36046412]
['pantip', '14:00', '14:10']
['region', '14:00', '14:10', 36037967, 36044236, 36046194, 36046414, 36046412, 33102184]
['mbk', '14:00', '14:10', 36046407, 36046349, 36046301, 36042321, 36046356, 36046416, 36042655, 36046332, 36043384, 36046372, 36043070, 36046274, 36045998, 36046421, 36046172, 36037187, 36046375, 36026130, 36044673, 36039944, 32763875]
['all', '14:00', '14:10', 36046407, 36045717, 36040618, 36041666, 36046433, 36046432, 36046264, 36022075, 36046088, 36044493, 36045333, 36030737, 35989216, 36044719, 36046349, 36046243, 36046393, 36046083, 36046301, 36046369, 36041432, 36044405, 36046016, 36046126, 36042023, 36044548, 36046431, 36046367, 36046427, 36046000, 36042321, 36046395, 36046261, 36045962, 36046410, 36046430, 36046362, 36046429, 36046263, 36044151, 36046356, 36046015, 36046318, 36045882, 36045773, 36046428, 36046178, 36046416, 36046299, 36039896, 36042655, 36045842, 36045898, 36046226, 34872574, 36046426, 36035998, 36039157, 36043933, 36044829, 36042625, 36046323, 36045988, 36046201, 36046425, 36045018, 36045909, 36046332, 36043384, 36046100, 36045650, 36045753, 36046386, 36046241, 36043973, 36038089, 36046319, 36046151, 36045506, 36046258, 36045885, 36046372, 34089567, 36046044, 36039449, 36043177, 36045208, 36046144, 36046161, 36039288, 36045168, 36040354, 36046047, 36019156, 36046004, 36046066, 36041608, 36045861, 36040854, 36046096, 36046220, 36046423, 36046424, 36046290, 36043070, 36046051, 31598530, 36046242, 36025255, 36045222, 36043107, 36045530, 36046422, 36041991, 36046272, 36045249, 36044457, 36045596, 36046062, 36046274, 36031445, 36024371, 36044323, 36045371, 36046063, 36044892, 36037967, 36046411, 33881922, 36041247, 36046347, 36046341, 36045743, 36045998, 36046384, 36045830, 36045217, 36045698, 36043368, 36046421, 36046381, 36045758, 36045314, 36046420, 35980614, 36045445, 36045812, 36044858, 36046383, 36046399, 36043195, 36044622, 36046314, 36046253, 36044441, 36043507, 36046419, 36046074, 36046418, 36046172, 36045672, 36045563, 36045305, 33977870, 36037187, 36046120, 36046408, 36030145, 36045745, 36044236, 36044169, 36045712, 36044818, 36046189, 36046130, 36046317, 36046194, 36036378, 36040998, 36045710, 36045975, 36046364, 36046312, 36039189, 36046244, 36046371, 36046375, 36045002, 36046417, 36039950, 36045873, 32939836, 36045930, 36026130, 36040807, 36044561, 36046288, 36046396, 34120945, 36045348, 36046377, 36046113, 36034521, 35726496, 36046176, 36045063, 36038162, 36037886, 36044809, 36044673, 36046414, 34514729, 36045991, 36046342, 36039944, 34234239, 36044038, 36046214, 36043104, 36045253, 36045190, 34084706, 36029475, 32763875, 36046147, 36043463, 36046412, 36046302, 33102184, 35161139, 36046300, 36045646, 36045863, 36045702, 36043243, 36046409, 36046339, 36042804, 36046394, 36045759, 36046295, 36039867]
['ratchada', '14:00', '14:10', 36045717, 36042023, 36046431, 36042625, 36045988, 36046258, 36037967, 36046074, 36040998, 36046417, 36034521, 36044038, 36045253, 36046147, 36046302]
['rajdumnern', '14:00', '14:10', 36046000, 36045698, 36046408]
['isolate', '14:00', '14:10', 36046430, 36046426, 36043177, 36019156, 36024371, 36043195, 36046419]
['social', '14:00', '14:10', 36046301, 36045773, 36046201, 36046386, 36046151, 36045506, 36045885, 36046258, 36046372, 36046004, 36046062, 36045758, 36046314, 36045745, 36046364, 36039189, 32939836, 36043463, 36043243, 36046339, 36039867]
['religious', '14:00', '14:10', 36046083, 36045885, 36046062, 36036378, 36039867]
['supachalasai', '14:00', '14:10', 36040618, 36044493, 36046367, 36045773, 36045842, 36045988, 36045909, 36045650, 36043973, 36046144, 36046161, 36046220, 36045530, 36046420, 36045563, 35726496, 36045646, 36045702, 36045759]
['siam', '14:00', '14:10', 36046201, 34089567, 36041608, 36025255, 36043107, 36045371, 36041247, 36046341, 36046383, 36045975, 34120945, 36037886, 34084706, 35161139, 36046300]
['lumpini', '14:00', '14:10', 36046367, 36046429, 36043973, 36046319, 36046242, 36043368, 36045758, 36045445, 33977870, 36046130, 36046317, 36046364, 36046176, 36039867]
['sinthorn', '14:00', '14:10', 36046432, 36022075, 36046243, 36046263, 36045773, 36043384, 36046066, 36046290, 36046384, 36045758, 36046381, 36046253, 36044441, 36046074, 36046418, 36045672, 36046317, 32939836, 36045348, 36044809, 36045863]
['silom', '14:00', '14:10', 36046369, 36044548, 36046427, 36045773, 36045506, 36046384, 36046317, 36039189, 36039950, 32939836, 36046377]
['wahkor', '14:00', '14:10', 36046425, 36043368, 36045698, 36045305, 32939836, 36046214]
['library', '14:00', '14:10', 36046318, 36046226, 36046425, 34089567, 36046062, 36046063, 36045743, 36045314, 36045305, 34120945, 36046394]
['art', '14:00', '14:10', 36046395]
