['food', '21:20', '21:30', 36046959, 36015372, 36047161, 36045451, 36044581, 36045714, 36047728, 36047026, 36034039, 36046033, 36045960]
['greenzone', '21:20', '21:30', 36045593]
['camera', '21:20', '21:30', 35868876, 36047889, 36047801]
['cartoon', '21:20', '21:30', 36045208, 36047837, 36044390, 36046105]
['gallery', '21:20', '21:30', 34142322, 36047823, 36046679, 36046876]
['klaibann', '21:20', '21:30', 36047782, 34142322, 36047668, 36043150, 36047880, 36046033]
['jatujak', '21:20', '21:30', 36045333, 36044227]
['chalermkrung', '21:20', '21:30', 36047242, 36047840, 36015372, 36044892, 36047818, 36041680, 36036094, 36047440, 36047569, 36047167, 36046410, 36047683, 30664486, 36047618]
['chalermthai', '21:20', '21:30', 36045208, 36015372, 36047904, 36041666, 36046393, 36044390, 36047894, 36047848, 36046922, 36030302]
['family', '21:20', '21:30', 36032657, 32566191, 36044038, 36046237, 36015372, 36045018, 36046189, 36047899, 36047615, 36041608, 36047800, 36047493, 36047632, 36047895, 36041457, 36047778, 36044080, 36047666, 36043655, 36047853, 36046033, 36047739]
['home', '21:20', '21:30', 36045990, 36041839]
['siliconvalley', '21:20', '21:30', 36047679, 36044225, 36047682, 36047051, 36047475, 36047599, 36047325, 36047510, 36047896, 36047841, 36047391, 36047880, 36047647, 35771727, 36047871, 36047302]
['beauty', '21:20', '21:30', 36047749, 36047909, 32514134, 32566191, 36047839, 32707152, 33129189, 36047825, 36047855, 33362435, 33415484, 33429527, 33835465, 36047813, 33856666, 33869576, 34095251, 34128256, 34465819, 34561140, 34797683, 35038311, 36041457, 36044151, 36047411, 36047778, 36041866, 36047878, 36047877, 36047783, 36047868]
['writer', '21:20', '21:30', 36045647]
['blueplanet', '21:20', '21:30', 36047782, 36047907, 36047707, 36027621, 36032099, 36044227, 36041876, 36046894, 36039205, 36047823, 36043150, 36046679, 36038491, 36046876, 36044818, 36047026, 36047460, 36047453]
['tvshow', '21:20', '21:30', 36047885, 36047435, 36047900, 35887452, 36047690, 36047835, 36046590, 36015372, 36047845, 35989216, 36047424, 36040289, 36047134, 36040354, 36041680, 36047442, 36047876, 36047091, 36047478, 36036971, 36047719, 36047447, 36047884, 36047881, 36046664, 36047404, 33512213, 36047746, 36047640, 36038356]
['bangrak', '21:20', '21:30', 36047448, 36046339, 36047908, 36047838, 36044038, 36044178, 36047630, 36044684, 36047430, 36047465, 36047898, 36047890, 35695786, 36047703, 36047902, 36047161, 36047581, 36047870, 36041608, 36047454, 36046721, 36047047, 36047893, 36047887, 36047582, 36047248, 36047587, 36037886, 36047620, 36047575, 36047597, 36047666, 36047603, 36043655, 36031582, 36047853, 36047616, 36047506, 36047715, 36044273]
['horoscope', '21:20', '21:30', 36047639, 36043879, 36046340, 36047832, 36047767, 36047196, 36042629, 36046891, 36047516]
['pantip', '21:20', '21:30']
['region', '21:20', '21:30', 36044227, 36047821, 36041876, 36047460, 36045494]
['mbk', '21:20', '21:30', 36046941, 36047822, 36047865, 36047874, 36047475, 36047802, 36047307, 36044552, 36047847, 36046332, 36047882, 36047589, 36046291]
['all', '21:20', '21:30', 36047672, 36046941, 36047822, 36047448, 36047910, 36026969, 36047782, 36047749, 36047909, 36046339, 36047908, 36045371, 32514134, 36047679, 36047885, 36032657, 36045208, 36047639, 36047888, 36046949, 36047907, 36047435, 36043574, 36047838, 32566191, 36043879, 36047900, 36044225, 35887452, 36047865, 36047862, 36046340, 36047682, 36047690, 36044038, 36047839, 36047626, 32707152, 36047242, 36047707, 36047835, 36044178, 36045990, 36046959, 36047834, 36047906, 36047630, 36044684, 33129189, 36046590, 36046237, 36047825, 36047706, 36047832, 36047855, 36044945, 36047840, 36041839, 36015372, 36047430, 36047845, 36047905, 36045650, 36047051, 36047465, 36047873, 34142322, 35989216, 36045018, 36047818, 36047898, 36044892, 36045943, 33362435, 36047777, 36047424, 36047890, 36047874, 36047904, 36046189, 33415484, 36047903, 36045593, 36047875, 36027621, 35695786, 36047703, 36047902, 36047475, 36046815, 36047901, 36046752, 36047581, 36047161, 36047837, 36047599, 36045148, 36047668, 33429527, 36047899, 36045348, 36045944, 36047870, 36047615, 36040289, 36041666, 36047115, 36041608, 36047325, 36032099, 36047510, 33835465, 36045451, 36044227, 30267094, 36047761, 36047800, 36046393, 36047813, 36047821, 36047493, 33856666, 36047134, 36047802, 36046738, 36047318, 36047632, 36040791, 36040354, 33869576, 36041680, 36047454, 36047734, 36047767, 36041356, 36046721, 36044390, 36047155, 36037457, 33393403, 36036094, 36047897, 34095251, 36047047, 36047440, 36047896, 35894691, 36006071, 36047240, 34128256, 36047895, 36047442, 36047671, 36047132, 36047893, 36047894, 34465819, 36041876, 36047637, 36047892, 34561140, 36047806, 36047569, 36047843, 36046894, 35868876, 34797683, 36047307, 36047633, 34993987, 36047421, 36047889, 36044552, 36047876, 36047301, 36039205, 36047847, 36047635, 36046105, 36047823, 36047848, 35038311, 36047887, 36043150, 36041457, 36047852, 36047886, 36044581, 36047582, 36047248, 36047091, 36046679, 36047196, 36047841, 36047439, 36038491, 36047713, 36047167, 36046332, 36044151, 36047478, 36047587, 36046410, 36047411, 36045647, 36036971, 36047719, 30409633, 36046691, 36047447, 36047778, 36044365, 36047884, 36047391, 36046811, 36047882, 36047883, 36042629, 36047881, 31402319, 36046891, 36037886, 36047589, 36047620, 36043710, 36047880, 36041866, 36044121, 36046420, 36047575, 36045714, 36047597, 36047683, 36046161, 36044080, 36029437, 36047879, 36046664, 36047666, 36046876, 36045758, 36047603, 36044811, 36047878, 36047404, 36047877, 36044818, 36047728, 36047783, 36046650, 36047285, 36047607, 36043655, 36046922, 36035058, 36030302, 36047026, 36034039, 36031582, 36046291, 36047853, 36047460, 36033392, 36045717, 36046633, 33512213, 30664486, 36038900, 36046033, 35771727, 36047872, 36047871, 36047746, 36047073, 36047869, 36047616, 36047868, 36047506, 36047739, 36047715, 36047516, 36045494, 36047640, 36047459, 36047453, 36038356, 36047040, 36047467, 36047801, 36047302, 36044273, 36045960, 36044165, 36047618, 36047420]
['ratchada', '21:20', '21:30', 36047907, 36044038, 36044945, 36046815, 36047115, 36047821, 36037457, 36047132, 36039205, 36047635, 31402319, 36047575, 36045717, 36047073, 36045494, 36047040]
['rajdumnern', '21:20', '21:30', 36046949, 36047706, 36047671, 36047806, 36047852, 36046650, 36047420]
['isolate', '21:20', '21:30', 36047910, 36047903, 36045944, 36046738]
['social', '21:20', '21:30', 36046941, 36026969, 36047782, 36047749, 36046339, 36047888, 36046959, 36047906, 36047832, 36047905, 36047465, 35695786, 36047581, 36047899, 36047615, 36047632, 36047047, 36047240, 36047895, 36046894, 36044552, 36047847, 36047635, 36047852, 36047713, 30409633, 36047778, 36041866, 36047575, 36047666, 36045758, 36047783, 36035058, 35771727, 36047739]
['religious', '21:20', '21:30', 36045593, 36047899, 36047767, 36046811, 36047728]
['supachalasai', '21:20', '21:30', 36047825, 36045650, 36045943, 36047777, 36047318, 36047637, 36047633, 36047301, 36046420, 36046161, 36046633, 36038900, 36044165]
['siam', '21:20', '21:30', 36047448, 36047749, 36047908, 36045371, 36047888, 36047838, 36043879, 36047906, 36047630, 36047430, 36047465, 36047873, 36047898, 36047890, 36047875, 36045148, 36047870, 36041608, 36045451, 36047813, 36040791, 36047454, 36046721, 35894691, 36047421, 36047887, 36047582, 36047587, 36047778, 36044365, 36037886, 36047620, 36043710, 36029437, 36047666, 36047603, 36047783, 36031582, 36033392, 36047739, 36047506, 36047715, 36047459, 36044273]
['lumpini', '21:20', '21:30', 32514134, 36047888, 32566191, 36043879, 32707152, 33129189, 36047825, 33362435, 33415484, 36047703, 33429527, 33835465, 36047813, 33856666, 33869576, 34095251, 36047240, 34128256, 36047892, 34561140, 36047886, 36044581, 36047411, 36047883, 36041866, 36044121, 36045758, 36047877, 36034039, 36046033, 36047872, 36047040]
['sinthorn', '21:20', '21:30', 36047672, 36047626, 36047834, 36047905, 36047901, 36046752, 36045348, 36047615, 36047761, 36047813, 36047632, 36041356, 36047155, 33393403, 36047897, 34993987, 36047421, 36046691, 36045758, 36047285, 36035058, 36047467]
['silom', '21:20', '21:30', 36026969, 36047907, 36043574, 36047862, 36047905, 36047901, 36032099, 36045451, 30267094, 36047761, 36047632, 36047734, 36041356, 36047897, 36006071, 36047240, 34993987, 36044365, 36047607, 36047420]
['wahkor', '21:20', '21:30', 36046949, 36044225, 36032099, 36047843, 36047439, 36047880, 36047879, 36044811, 36047728, 36047869]
['library', '21:20', '21:30', 36046949, 36015372, 36047668, 36047632, 36047848, 36047091, 36044365, 36047879, 36030302, 36047640]
['art', '21:20', '21:30', 36047896]
