['food', '22:00', '22:10', 34345163, 36048078, 36046829, 36015372, 36047789, 36034094, 36044788]
['greenzone', '22:00', '22:10', 36045593]
['camera', '22:00', '22:10', 36047925, 36048010, 36047733]
['cartoon', '22:00', '22:10', 36046771, 36048063, 36047830, 36045208, 36043924, 36045898]
['gallery', '22:00', '22:10', 36047925, 36040945, 36048064, 35954571, 36047823, 36048047, 36046679]
['klaibann', '22:00', '22:10', 36047782, 36045823, 36046829, 36048001, 35970666, 36047863, 36047484]
['jatujak', '22:00', '22:10', 36047977, 36048076, 36048075, 36047070, 36045333, 36047995]
['chalermkrung', '22:00', '22:10', 36047569, 36046962, 36047991, 36047818, 36047337, 36048062, 36015372, 36047926, 36040268, 36047561, 36048059, 36041481, 36047618, 36047978, 36048057, 36047440, 36047840, 36048046, 36047120, 36047511]
['chalermthai', '22:00', '22:10', 36015372, 36044398, 36046638, 36048061, 36045208, 36045898, 35997541, 35811526, 36048046]
['family', '22:00', '22:10', 36044080, 36046189, 36044038, 36045018, 36047632, 36015372, 36041608, 36047976, 36047615, 35862733, 35881745, 36044662, 36046342, 36047666, 35813255, 36044788]
['home', '22:00', '22:10', 36035463, 34345163, 36048078, 36047099, 36045990, 36047070, 36048065, 36045215, 36047192, 30415413, 36047463]
['siliconvalley', '22:00', '22:10', 36047325, 34345163, 36048078, 36047302, 32641368, 36048040, 36047537, 35925160, 36047673, 36044632, 36047580, 36047518, 36047427, 36048015, 36048038, 36047964, 36048048, 36047914, 36047773, 36024734]
['beauty', '22:00', '22:10', 35863681, 36042363, 36048067, 36047839, 36048063, 36045470, 35862733, 36048056, 36047281, 36044159, 36041866, 36047797, 36047795, 36048046, 35810173]
['writer', '22:00', '22:10', 36047922, 36047938]
['blueplanet', '22:00', '22:10', 36047782, 36046166, 36047077, 36048053, 36042777, 36047925, 35998723, 36048069, 36040945, 36043826, 36048064, 35954571, 35970666, 36045663, 36047733, 36047860, 36047823, 36046660, 36045700, 36047327, 36046925, 35859500, 36046679]
['tvshow', '22:00', '22:10', 36047435, 36048074, 36047922, 36046590, 36047885, 36044870, 36047091, 36047938, 36046392, 36048073, 36046016, 36045922, 36047957, 36047876, 36047845, 36048061, 35887452, 36047746, 36047978, 36048057, 36047138, 36047831, 36047192, 36046625, 36046995, 36046219, 36047120]
['bangrak', '22:00', '22:10', 36044038, 36047248, 35866287, 36047620, 35866634, 36047597, 36047393, 36047890, 36047984, 36047141, 36048071, 36041608, 36047506, 36047769, 36031582, 36048037, 36047465, 35621384, 36047967, 35869103, 35868961, 36047317, 36047836, 36047553, 36048011, 35882233, 36045175, 36044273, 36048055, 35881112, 36048050, 35977245, 36047211, 36022267, 36047666, 36047785, 36047658, 36044582, 35811575, 35811202, 36004797, 36047727, 35813255, 36038795]
['horoscope', '22:00', '22:10', 36047983, 36047639, 36047364, 36047516, 36047832]
['pantip', '22:00', '22:10', 30721102, 36046995]
['region', '22:00', '22:10', 36001620, 36040945, 36047733, 36047860, 36047205, 36047327]
['mbk', '22:00', '22:10', 36047371, 36047602, 36046153, 36047004, 36047971, 36047847, 36046356, 36047373, 36047580, 36048015, 36047517, 35011139, 36048048]
['all', '22:00', '22:10', 36045348, 36047977, 35863681, 36047569, 36047044, 36046962, 36047325, 36047371, 36035463, 34345163, 35905926, 36044080, 36047782, 36047952, 36046189, 36048078, 36044038, 36047248, 35866287, 36044972, 36047099, 36046248, 36047223, 36047988, 36047620, 36046835, 36046166, 36047901, 35866634, 36047597, 36044121, 36048051, 36048074, 36045018, 36045823, 36044944, 36047632, 36048016, 36047991, 35867408, 36042363, 36047922, 36043177, 36048077, 36046771, 36047077, 36046557, 36017531, 36046590, 36046472, 36047818, 36047885, 36047775, 36044870, 36047393, 36048076, 36045371, 36045288, 36047530, 36047890, 36047337, 36047318, 36048029, 36046829, 36048053, 36048024, 36047817, 36047984, 36048075, 36047091, 36035058, 36047843, 36048058, 36045593, 36045531, 36047938, 30721102, 36047671, 36047920, 36046392, 36047141, 36048005, 36047602, 36042777, 36001620, 36047114, 36048062, 36047925, 36048073, 35998723, 36046710, 36047533, 36047302, 36045503, 36048072, 32641368, 36042368, 36045990, 36048071, 36048070, 36047070, 36040502, 36048069, 36048040, 36048068, 36046811, 36046016, 36047926, 36040268, 36041608, 36048067, 36047983, 36045922, 36047639, 36048001, 36047291, 36047506, 36046571, 30009575, 36046153, 36047004, 36047839, 36047769, 36047806, 36047609, 36047561, 36047789, 36040945, 36047976, 36048010, 36047364, 36047957, 36048063, 36043826, 36031582, 36048037, 36047876, 36047537, 36048059, 36047516, 36047845, 36047465, 36048066, 36047497, 36047314, 36048064, 36048065, 36045470, 36047615, 36044398, 36046638, 35621384, 36047971, 36047930, 36047847, 36048061, 35925160, 35863696, 36047830, 36045943, 36045333, 35862733, 36047967, 35998214, 36048060, 35887452, 35954571, 35970666, 35869103, 36046356, 36047777, 35868961, 36047373, 36045215, 36047317, 36041481, 36044283, 36047832, 35867873, 36047836, 30559245, 36048000, 36047673, 36044632, 36046161, 35881745, 36047553, 36048011, 36047580, 36047618, 36047746, 36048054, 36047978, 36048057, 36045208, 36047921, 36048056, 36046927, 36046497, 36047987, 36047440, 36045663, 36047518, 35882233, 36045175, 36044273, 36047281, 36046815, 36048055, 36046429, 35881112, 36044662, 36044159, 36048013, 36047733, 36047835, 36048033, 36046342, 36047835, 36044722, 36047427, 36047860, 36047863, 36047564, 36047626, 36034094, 36047823, 36043924, 36047138, 36045898, 36046633, 36048015, 36047517, 36048038, 36048050, 35011139, 36047205, 36041866, 35977245, 36047211, 36047964, 36046660, 36047831, 36022267, 36047797, 30818379, 36047666, 36047192, 36047484, 30415413, 36040723, 35997541, 36048048, 36047463, 36048047, 36047795, 36047785, 36047995, 36047637, 36047357, 36046625, 36045700, 36047734, 36047327, 36047914, 36047367, 36047658, 36045211, 36046995, 36047840, 36047678, 36044582, 35811575, 36046925, 36046219, 36047773, 35811202, 36024734, 35811526, 36004797, 36048046, 36047727, 35813255, 36044788, 36047120, 36048020, 36046772, 36047511, 35810173, 35859500, 36048044, 36047999, 36038795, 36045621, 35816889, 36046679]
['ratchada', '22:00', '22:10', 36047952, 36044038, 36048016, 36047077, 36045288, 36047817, 36042777, 36047925, 36042368, 35970666, 35867873, 36048000, 36046815, 36044722, 36047863, 36047205, 36040723, 36045211]
['rajdumnern', '22:00', '22:10', 36047044, 36047223, 36047671, 36047533, 36047291, 36047806, 36047357]
['isolate', '22:00', '22:10', 36046248, 36043177, 36048077, 36047530, 36048024, 36048070, 36046571, 35998214, 36047987, 36047835, 36047835, 36048044]
['social', '22:00', '22:10', 36047782, 35866634, 36047632, 36048016, 35867408, 36047393, 36035058, 36045531, 36047114, 36042368, 36048001, 36047004, 36047769, 36048063, 36047465, 36048065, 36047615, 36047847, 36048060, 35867873, 30559245, 36048000, 36044662, 36048033, 36047863, 36041866, 36047666, 36047484, 36047357, 36045700, 36047658]
['religious', '22:00', '22:10', 36046557, 36045593, 36045531, 36046811, 36047983, 36044283, 36047999]
['supachalasai', '22:00', '22:10', 36044972, 36046835, 36042363, 36047318, 36048029, 36045503, 30009575, 36047609, 36045943, 36047777, 36046161, 36048054, 36047921, 36047564, 36046633, 36047205, 30818379, 36048047, 36047637, 36047367, 36045621]
['siam', '22:00', '22:10', 35905926, 35866287, 36047620, 35866634, 35867408, 36017531, 36047393, 36045371, 36047890, 36045531, 36048058, 36001620, 36048071, 36048068, 36041608, 36047506, 36031582, 36048037, 36047465, 36048066, 35621384, 35862733, 36047967, 35869103, 36047317, 36047836, 36047553, 36048011, 36046497, 35882233, 36044273, 35977245, 36047211, 36047797, 36047666, 36048047, 36047785, 36047658, 35811575, 36004797, 36048046, 36047120, 36038795]
['lumpini', '22:00', '22:10', 35863681, 36044121, 36048051, 36042363, 36046472, 36046829, 36048075, 36048060, 36047281, 36046429, 36041866, 36047797, 36047658, 36048046, 36048020]
['sinthorn', '22:00', '22:10', 36045348, 36047044, 36047988, 36047901, 36045823, 36044944, 36047632, 36035058, 36047920, 36047114, 36047497, 36047314, 36047615, 36047930, 36046927, 36047626, 36047327, 36047678, 36046772]
['silom', '22:00', '22:10', 34345163, 36047901, 35866634, 36045823, 36047632, 36046472, 36048005, 36048072, 36040502, 36047314, 35863696, 36048060, 36048013, 36047484, 36047734, 36047678, 35816889]
['wahkor', '22:00', '22:10', 36047977, 36048051, 36044944, 36047775, 36047843, 36046710, 36047497, 36047673, 36045663, 36047995]
['library', '22:00', '22:10', 36047632, 36047922, 36047775, 36047091, 36048068, 36048066, 36048057, 36046497, 36047863, 36046995, 36047678, 35816889]
['art', '22:00', '22:10']
