['food', '07:50', '08:00', 35961556, 36048783, 36043347]
['greenzone', '07:50', '08:00']
['camera', '07:50', '08:00', 36048367, 36048704, 36048732, 36048592, 36048010, 36048535, 36048688]
['cartoon', '07:50', '08:00']
['gallery', '07:50', '08:00', 36047917, 36047925, 36048535, 36048688]
['klaibann', '07:50', '08:00', 36048721, 36048779]
['jatujak', '07:50', '08:00', 36048681, 36046764, 36047995]
['chalermkrung', '07:50', '08:00', 36047440, 36048177, 36047978, 36046975, 36041687, 36048080]
['chalermthai', '07:50', '08:00', 36046922, 36048596, 36048744, 36004889, 36048140, 36039143]
['family', '07:50', '08:00', 36048752, 36048739, 36041432, 36044080, 36047853, 36048359, 36048524]
['home', '07:50', '08:00', 36047013, 36048769, 36047200, 36045535, 36044185, 36048778]
['siliconvalley', '07:50', '08:00', 36048765, 36048007, 36048771, 36048789, 36047200, 36048747, 36048115, 36023773, 36047325, 36048439, 35786024]
['beauty', '07:50', '08:00', 36045470, 36046718, 36048704, 36048785, 36046319]
['writer', '07:50', '08:00', 36048777]
['blueplanet', '07:50', '08:00', 36047833, 36047733, 36047917, 36047925, 36039189, 36048359, 36045987, 36042777]
['tvshow', '07:50', '08:00', 36047978, 36048736, 36039189, 36047105, 36044029, 36048167, 36048140, 36048231, 36043871, 36041687]
['bangrak', '07:50', '08:00', 36043107, 36048505, 36048752, 36047271, 36045862, 36041432, 36047853, 36046897, 36048524, 36045175, 36047575, 36048786, 36048608]
['horoscope', '07:50', '08:00', 36048580, 36046213, 36048788, 36048670, 36048782]
['pantip', '07:50', '08:00']
['region', '07:50', '08:00', 36047733, 36047917]
['mbk', '07:50', '08:00', 36048765, 36048714, 36048547, 36048747, 36042052, 36046825, 36048325, 36048439, 36048755, 36048780]
['all', '07:50', '08:00', 36043185, 36043107, 36048792, 36048367, 36048791, 36047440, 36048765, 36047833, 36048643, 36048505, 36046922, 36048434, 36048748, 36048752, 36048790, 36047013, 36047271, 36048681, 36048007, 36048771, 36048769, 36048580, 36048777, 36048781, 35961556, 36046764, 36048789, 36047200, 36048714, 36048177, 36048547, 36048739, 36047733, 36045862, 36048721, 36048747, 36045470, 36041432, 36048728, 36047978, 36047917, 36048692, 36045535, 36044080, 36047806, 36047853, 36046897, 36047925, 36048596, 36046718, 36047312, 36048736, 36048115, 36047044, 36039189, 36048372, 36046213, 36048734, 36048359, 36048694, 36048772, 36042348, 36048741, 36048704, 36048788, 36043737, 36048770, 36048787, 36047105, 36048187, 36048732, 36048670, 36046486, 36048524, 36042052, 36048592, 36046825, 36045175, 36023773, 36048653, 36048744, 36047637, 36047325, 36047575, 36047354, 36040406, 36048325, 36044029, 36048292, 36048560, 36048786, 36048010, 36048614, 36047995, 36048205, 36048167, 36048535, 36048785, 36046568, 36044185, 36048775, 36048699, 36048644, 36048646, 36048652, 36004889, 36046975, 35954301, 36048650, 35796105, 36048774, 36048608, 36048140, 36048784, 36048722, 36045987, 36047652, 36048123, 36046815, 36048231, 36044347, 36043871, 36048783, 36048439, 36042777, 36048782, 36048778, 36041687, 36045371, 36048080, 36048737, 36046623, 36048755, 35786024, 36048724, 36048780, 36043347, 36045904, 36048688, 36045885, 36046319, 36048779, 36039143]
['ratchada', '07:50', '08:00', 36048791, 36047833, 36048434, 36048790, 36043737, 36047575, 36040406, 36048292, 35796105, 36048722, 36046815, 36042777, 36045904]
['rajdumnern', '07:50', '08:00', 36047806, 36047312, 36047044, 36048770, 36048774]
['isolate', '07:50', '08:00', 36048792, 36042348]
['social', '07:50', '08:00', 36047013, 36048739, 36048692, 36048596, 36039189, 36048524, 36047575, 36048292, 36048775, 36047652, 36045885]
['religious', '07:50', '08:00', 36048560, 36045885]
['supachalasai', '07:50', '08:00', 36048643, 36048781, 36048728, 36048372, 36048772, 36048741, 36048653, 36047637, 36047354, 36048614, 36048644, 36048646, 36048652, 36048650, 36048737, 36048724]
['siam', '07:50', '08:00', 36043107, 36048748, 36047271, 36045862, 36048734, 36048704, 36048786, 36048608, 36048783, 36045371]
['lumpini', '07:50', '08:00', 36046718, 36048704, 36048785, 35796105, 36048123, 35786024, 36046319]
['sinthorn', '07:50', '08:00', 36043185, 36048791, 36048505, 36047044, 36048694, 36048787, 36048187, 36048292, 36048775, 36048699, 35954301, 36044347, 36046623]
['silom', '07:50', '08:00', 36048721, 36039189, 36048292, 36046568, 36048784, 36048783]
['wahkor', '07:50', '08:00', 36048752, 36046486, 36048292, 36047995, 36048205]
['library', '07:50', '08:00', 36048748, 36046486, 36046568, 36048779]
['art', '07:50', '08:00']
