['food', '21:40', '21:50', 36047996, 32144968, 36047728, 36044588, 36045451, 36046829, 36045963, 36044581, 33138590, 36044788, 36030737, 36047958]
['greenzone', '21:40', '21:50', 36045593, 36047977]
['camera', '21:40', '21:50', 36045887, 30810075, 36011187, 36047974, 36047598, 36047925, 36045412, 36047733]
['cartoon', '21:40', '21:50', 36047663, 36045208, 36046740, 36043924, 36046047]
['gallery', '21:40', '21:50', 36047823, 36046976, 36047925]
['klaibann', '21:40', '21:50', 36047782, 36047252, 36044588, 36047863, 36046202, 36046829, 35995389, 36041794, 36036012]
['jatujak', '21:40', '21:50', 36047995, 36046597, 36045333, 36046976, 36047977, 36046977]
['chalermkrung', '21:40', '21:50', 36047569, 36046410, 36047991, 36047978, 36047167, 36047840, 36047561, 36047818, 36047618, 36047975, 36047683, 36047557, 36046853]
['chalermthai', '21:40', '21:50', 36041666, 36045208, 36047894, 36047973, 36047904, 31531657, 36044192]
['family', '21:40', '21:50', 36045018, 36047800, 36044080, 36046902, 36047976, 36046189, 35930756, 36047778, 36047739, 36044192, 36047962, 36044788, 36047493, 36009668, 36044038]
['home', '21:40', '21:50', 36047996, 36046668, 36046744, 36044185, 36041991, 36047977, 36046977, 36047650, 36045990, 36047972, 36009998, 36047812]
['siliconvalley', '21:40', '21:50', 36046288, 36046003, 36047964, 36047550, 36047986, 36047914, 36047965, 36047647, 36047417, 36041940, 36026641, 36047682, 36047510, 36047382, 36047871, 36045412, 36047949, 36047961]
['beauty', '21:40', '21:50', 36047063, 36047281, 36045640, 36045501, 36047839, 36047825, 36047158, 36044018, 36047778, 36047488, 36047110, 35995389, 36047909, 36009668, 36033121]
['writer', '21:40', '21:50', 36047591, 36044218, 36047938]
['blueplanet', '21:40', '21:50', 36047823, 36042777, 36047782, 36043826, 36047617, 36032099, 36047925, 35995389, 36009668, 36047733]
['tvshow', '21:40', '21:50', 36047922, 36047294, 36044768, 36047957, 36047435, 36047640, 36047885, 36047690, 36047478, 35992637, 36046619, 36046219, 35967733, 36047835, 36047659, 36046590, 35887452, 36041851, 36045166, 35989216, 36047938, 36047154, 36047524, 36047462, 36046853, 36047845, 36046405, 36047105, 36047229, 36046724]
['bangrak', '21:40', '21:50', 36047703, 36047506, 36031755, 36044905, 36047838, 36047902, 36047984, 36047836, 36047989, 36047918, 35977245, 36047628, 36047620, 36047582, 36046383, 36047575, 36047890, 36047980, 36047979, 36047317, 36047967, 35898075, 36047769, 36045862, 36047400, 36047410, 36047430, 36047963, 36047898, 36047727, 36043942, 36044038, 36047485]
['horoscope', '21:40', '21:50', 36046413, 36047832, 36047983, 36042629, 36047364, 36036872, 36047767]
['pantip', '21:40', '21:50', 36047462, 36046405, 36047559, 36047229]
['region', '21:40', '21:50', 36047993, 36047956, 36047617, 36047733]
['mbk', '21:40', '21:50', 36047755, 36044673, 36046003, 36047912, 36047647, 36047985, 36047847, 36047602, 36046473, 36046690, 36047822, 36039145, 36041034, 36047598, 36047532, 36047961, 36047882, 36047183]
['all', '21:40', '21:50', 36047703, 36047755, 36047922, 36047506, 36047294, 36047044, 36047028, 36047663, 36047564, 36047823, 36047996, 36047569, 36047614, 36031755, 36046410, 36044905, 36047921, 36045371, 36047838, 36046288, 36042777, 36047995, 36047782, 36044768, 36047957, 36047435, 36045920, 36047994, 36047901, 36047993, 36044673, 36047301, 36046157, 36046597, 36047902, 36047984, 36045887, 36047992, 36045018, 36047063, 36045698, 36047640, 36046668, 36046744, 36047281, 36045593, 36047991, 36047836, 36045640, 35991103, 36044283, 36047777, 36046812, 36047990, 36045496, 36043623, 36047947, 36046413, 36047981, 36047800, 36047885, 36047252, 36047591, 36047167, 36047278, 36047989, 36047840, 36045965, 36046003, 36047918, 35977245, 36044080, 36045333, 32144968, 36044616, 36047561, 36045189, 36047628, 36047626, 36047832, 36047988, 36047818, 36047964, 36047074, 36047087, 36047952, 36047987, 36045501, 36047690, 36047912, 36047478, 36047620, 36047550, 36047986, 36047914, 36047198, 36047965, 36047582, 36047728, 36047828, 36047985, 36047647, 36047983, 36047839, 36041307, 36041666, 36047982, 36044185, 36046383, 36046994, 36047575, 36047847, 36047825, 36041991, 36047890, 36043826, 36047980, 36042333, 36045208, 36047979, 36047618, 36047956, 36047184, 36047602, 36046473, 36047852, 36046976, 36047894, 36044306, 36044588, 36047617, 36047685, 36046690, 35992637, 36047977, 30810075, 36047158, 36047417, 36047689, 36046619, 36046902, 36011187, 36047317, 36047976, 36026601, 36045445, 36046219, 36041940, 36046189, 35967733, 36044218, 36047863, 36047180, 36047822, 35445115, 36047817, 36046977, 35997616, 36046202, 35930756, 36047834, 36045348, 36047975, 36047835, 36047967, 36026641, 35898075, 36047650, 36047682, 36042629, 36032099, 36046740, 36047769, 36047659, 36047960, 36045862, 36045451, 36039145, 36047683, 36046633, 36046829, 36047761, 36046590, 36047400, 36043924, 36047364, 36047974, 36044018, 36045990, 36041034, 36047557, 36047973, 36047510, 36047382, 35887452, 36047972, 36047633, 36041851, 36047285, 36045963, 36045166, 36047846, 36009998, 36047410, 36047237, 36047778, 36047488, 36047629, 36047598, 35989216, 36047430, 36047963, 36044581, 36047871, 36047938, 36040502, 33138590, 36047154, 36047925, 36047532, 36045546, 36047524, 36047969, 36047110, 36047609, 36047739, 36047898, 36047904, 36047942, 36047968, 36047906, 36041704, 36047462, 36046564, 36045412, 36047812, 36019701, 36047940, 36046988, 36047949, 36036872, 36010312, 36047155, 36047966, 36046853, 31531657, 36044192, 36047843, 36047939, 36047845, 36047946, 36047962, 36046405, 36047559, 36047727, 36044788, 36047105, 36047961, 36046938, 35995389, 36047142, 36047493, 36046846, 36043942, 36041794, 36047909, 36009668, 36044038, 36047767, 36033121, 36030737, 36047882, 36047183, 36047959, 36047958, 36047229, 36047485, 36047733, 36046047, 36036012, 36046724]
['ratchada', '21:40', '21:50', 36042777, 36045920, 36046812, 36047990, 36045965, 36047087, 36047952, 36047575, 36047184, 36026601, 36047863, 36047180, 36047817, 36047846, 36047925, 36041704, 36047946, 36044038]
['rajdumnern', '21:40', '21:50', 36047044, 36047614, 36046157, 36045698, 36047074, 36047852, 36047812, 36046938]
['isolate', '21:40', '21:50', 36047987, 36041307, 35445115, 35997616, 36047969, 36010312]
['social', '21:40', '21:50', 36047663, 36047782, 36046157, 36047992, 35991103, 36043623, 36047832, 36047087, 36047575, 36047847, 36042333, 36047852, 36046902, 36047863, 36046977, 36047769, 36045963, 36047410, 36047778, 36047739, 36047906, 36047940, 36043942]
['religious', '21:40', '21:50', 36045593, 36044283, 36045496, 36047728, 36047983, 36047767]
['supachalasai', '21:40', '21:50', 36047564, 36047921, 36047301, 36047777, 36047278, 36046994, 36047825, 36046633, 36047633, 36047629, 36047609, 36046564]
['siam', '21:40', '21:50', 36047506, 36047663, 36031755, 36045371, 36047838, 36047993, 36047992, 36047063, 36047836, 35977245, 36047628, 36047620, 36047198, 36047582, 36047982, 36046383, 36047890, 36047980, 36047956, 36047317, 36047967, 35898075, 36045862, 36045451, 36047410, 36047237, 36047778, 36047430, 36047739, 36047898, 36047906, 36019701, 36036872, 36043942, 36047959, 36036012]
['lumpini', '21:40', '21:50', 36047703, 36047663, 36047994, 36047281, 36047252, 36045189, 36047825, 36042333, 36046902, 36045445, 36046829, 36047488, 36047629, 36044581, 36047110, 36047942, 36047968, 36047966]
['sinthorn', '21:40', '21:50', 36047028, 36047044, 36047901, 36047947, 36047626, 36047988, 36047074, 36047647, 36047685, 36047834, 36045348, 36047761, 36047972, 36047285, 36045546, 36046988, 36047155, 36047939, 36047946, 36046846]
['silom', '21:40', '21:50', 36047901, 36047981, 36047074, 36047912, 36041940, 36032099, 36045451, 36047761, 36040502, 36047946, 36009668]
['wahkor', '21:40', '21:50', 36047995, 36045698, 36047252, 36044616, 36047728, 36047977, 36047689, 36032099, 36047110, 36047843, 36047142]
['library', '21:40', '21:50', 36047922, 36047640, 36047828, 36044306, 36047689, 36047863, 36047960, 36047237, 36019701, 36036012]
['art', '21:40', '21:50', 36047598]
