['food', '10:30', '10:40', 36038937, 36045731, 36026971, 36044752, 32141199, 36045714, 31878963, 36034094]
['greenzone', '10:30', '10:40', 36045593, 36037761, 36045426]
['camera', '10:30', '10:40', 36045828, 36045803, 36041893, 36045566]
['cartoon', '10:30', '10:40', 36044512, 36036514, 36039644, 36044030]
['gallery', '10:30', '10:40', 36045182, 36041893, 36045811]
['klaibann', '10:30', '10:40', 35526201, 36045823, 36040051, 36045814, 36045403]
['jatujak', '10:30', '10:40', 36045333, 36045754, 36045580, 36045805, 36037761, 36042806, 36044153, 36043477, 31052742, 36043089, 33450175, 36045311]
['chalermkrung', '10:30', '10:40', 35979096, 36045518, 36044177, 36045688, 36045109, 36044968, 36045174, 36045777, 36044484]
['chalermthai', '10:30', '10:40', 36044756, 35668509, 36044258, 36041666, 36044398, 36044335]
['family', '10:30', '10:40', 36024614, 36044080, 36045811, 36043243, 36040051, 36042069, 36043605, 36045810, 36045673, 36043920, 33450175, 36045018, 36045485]
['home', '10:30', '10:40', 36045232, 36042463, 36045661, 32536363, 31052742, 36044940, 32431114, 36045424, 36045690, 36041991, 36045769, 36044185, 36040062, 36045788]
['siliconvalley', '10:30', '10:40', 36045683, 36045720, 36045770, 36045152, 36043659, 36045817, 36045542, 36045812, 36043899, 36043327, 36045807, 36045705, 36045424, 36045256, 36043614, 36045799, 36045766, 36045794, 36026214, 36044030, 36041611, 36045365]
['beauty', '10:30', '10:40', 36044151, 36044999, 35439074, 33636765, 36045780, 36043091, 36042817, 36045501, 36043232]
['writer', '10:30', '10:40', 36045604, 36043864, 36045767]
['blueplanet', '10:30', '10:40', 36044904, 36045182, 36042737, 36038089, 36045811, 36045819, 36045700, 36045047, 36040329, 36045801, 36042841, 36044060, 36044818, 36045806, 36043314, 36039644, 36045587, 36042096]
['tvshow', '10:30', '10:40', 36041851, 36045725, 36044727, 36040938, 36044923, 35668509, 35989216, 36042905, 36044271, 36041183, 36042262, 36045217, 36042817, 35678304, 36044029, 36045166, 36044952, 36045728, 36045777, 36045712, 36034086, 36044484, 36045790]
['bangrak', '10:30', '10:40', 36045667, 36045756, 36044857, 36024614, 36040610, 36045272, 36045315, 36045787, 36045150, 36043625, 36045105, 36045565, 36045456, 36045816, 36043713, 36045813, 36045233, 36043920, 36044582, 36045696, 36045797, 36045485, 36045761, 36045579]
['horoscope', '10:30', '10:40', 36043521, 36045446, 36039837, 36045483]
['pantip', '10:30', '10:40', 36045038, 36044968]
['region', '10:30', '10:40', 36044897, 36044060, 36045806, 36042096, 36045494]
['mbk', '10:30', '10:40', 36043384, 36045824, 36045720, 36045770, 36042463, 36045821, 36045800, 36042270, 36043938, 36043899, 36032288, 36045347, 36045705, 36045747, 36045691, 36045799, 36045792, 36045615, 36045310]
['all', '10:30', '10:40', 36045667, 36045600, 36045643, 33004399, 36045360, 35979096, 36045518, 36038937, 36044151, 36045827, 36045756, 36045232, 36045333, 36044878, 36045546, 36043521, 36045745, 36045828, 36045754, 36045580, 36018364, 36045446, 35526201, 36039837, 36045646, 36043384, 36044904, 36045182, 36045428, 36045531, 36044755, 36041851, 36045725, 36025974, 36044857, 36044999, 36045826, 35439074, 35898343, 36044088, 36045502, 36043034, 36045530, 36044727, 36024614, 36040502, 36037764, 36042971, 36045434, 36045734, 36045413, 36045644, 35795654, 36042737, 36044756, 36045731, 36038089, 36038104, 36045593, 36045510, 36040610, 36045778, 36045005, 36044897, 36045683, 36045272, 36045805, 36044784, 36045803, 36045825, 36045818, 36026971, 36040938, 36045824, 36045315, 36045823, 36043044, 36045008, 36041893, 36045720, 33636765, 36044923, 36045770, 36045787, 36037761, 36045636, 36044177, 36045371, 36045736, 36045822, 36045038, 36045698, 36045820, 35668509, 36044752, 36042806, 36042463, 36045426, 36045340, 36045661, 36045566, 36045759, 36044080, 36045545, 36045821, 36044512, 36045152, 36045688, 36042169, 36044153, 35989216, 36045791, 36044722, 36043177, 36045811, 36045150, 36043156, 36042905, 36045475, 35950577, 36044258, 36045819, 36043243, 36043477, 36040051, 32536363, 36044049, 36043625, 36045758, 36045105, 36045800, 36043659, 36045713, 36042270, 36045565, 36045660, 31052742, 36045109, 36044271, 36045456, 36036514, 36042069, 36045780, 35899705, 36043091, 36045817, 36041183, 36045700, 36042262, 36045205, 36045217, 36045816, 36045815, 36045814, 36045784, 36043605, 36045047, 36042817, 36045496, 36043713, 36040329, 36044940, 36045483, 36045813, 36038750, 36045542, 36045584, 36045270, 36045629, 36044555, 32141199, 36045812, 36023453, 36041666, 35678304, 36044029, 36044493, 36045561, 36045801, 36044649, 36045166, 36045501, 36045233, 36042841, 36045810, 36044952, 36045633, 36044060, 36043938, 36044244, 36044968, 36045809, 36045728, 36044818, 36045808, 36043899, 36045785, 36045623, 36045673, 36043327, 36043920, 36045714, 36045807, 36045806, 36032288, 36045777, 36045445, 36045292, 36044398, 36043921, 35995913, 36045347, 36045403, 36043089, 36045604, 36045798, 32431114, 36045705, 36045492, 36045712, 36045424, 36045442, 30897927, 36045532, 36045776, 36043314, 36040771, 36039644, 36044012, 33450175, 36044582, 31878963, 36045256, 36045472, 36045802, 36041830, 36043614, 36043864, 36045503, 36044335, 36045691, 36045747, 36045696, 36045799, 36045345, 36045587, 36045793, 36045690, 36042849, 36045766, 36045797, 36041991, 36045796, 36045018, 36045795, 36034086, 36045485, 36045779, 36043984, 36045769, 36044484, 36044185, 36044249, 36045790, 36045794, 36040062, 36026214, 36045767, 36044283, 36045792, 36044030, 36041611, 32618250, 36045615, 35701760, 36045001, 36034094, 36045789, 36045761, 36045310, 36044372, 36045579, 36042096, 36045365, 36043232, 36045494, 35979688, 36045311, 36045788, 36044517, 36039961]
['ratchada', '10:30', '10:40', 36044755, 35439074, 36045502, 36045644, 36045005, 36044897, 36045008, 36045340, 36044153, 36044722, 36045629, 36044555, 36044649, 36044244, 36045809, 36045442, 36045532, 36041830, 36045793, 36042849, 36044249, 36044372, 36045494]
['rajdumnern', '10:30', '10:40', 36045360, 36045698, 36044049, 36045492]
['isolate', '10:30', '10:40', 36045428, 36045826, 35898343, 36043177, 35950577, 36045292, 35995913, 36045776, 36043984, 35979688]
['social', '10:30', '10:40', 36045518, 36045745, 36044904, 36045531, 35795654, 36045593, 36038104, 36045825, 36045824, 36041893, 36045720, 36045736, 36044752, 36044080, 36042169, 36043243, 36040051, 36044049, 36043625, 36045758, 36045713, 36045456, 36040329, 36045483, 36045705, 36045472, 36045691, 32618250, 35701760, 36044372]
['religious', '10:30', '10:40', 36045531, 36045510, 36045593, 36043156, 36043477, 36045496, 36045584, 36040771, 36044283, 35701760, 36045789]
['supachalasai', '10:30', '10:40', 36045646, 36044088, 36045530, 36043044, 36045340, 36045759, 35899705, 36045815, 36038750, 36044493, 36045633, 36045809, 36045623, 36045503]
['siam', '10:30', '10:40', 36045667, 35979096, 36044151, 36045756, 36039837, 36045531, 36044857, 35439074, 36024614, 36045434, 35795654, 36045825, 36045787, 36045371, 36045822, 36045105, 36045660, 36045456, 36045814, 36043713, 36045270, 32141199, 36045561, 36045233, 36045445, 30897927, 36044012, 31878963, 36045696, 36045796, 36045485, 32618250]
['lumpini', '10:30', '10:40', 36044878, 36045434, 36045413, 36044784, 36045825, 36045820, 36042169, 36045758, 36045815, 36045810, 36045445, 36043921, 31878963, 32618250]
['sinthorn', '10:30', '10:40', 36045600, 36045643, 36045546, 36043384, 36025974, 36045734, 36045731, 36045778, 36044897, 36044784, 36045818, 36045823, 36045636, 36042463, 36045661, 36045821, 36045475, 36045758, 36045713, 36045700, 36045785, 36045798, 36045802, 36045345, 36045795, 36045779, 36045001, 36039961]
['silom', '10:30', '10:40', 33004399, 36045518, 36045827, 36044151, 36045828, 36043034, 36040502, 36042971, 36045731, 36044897, 36042463, 36044080, 36045791, 36045205, 36023453, 36045808, 36044249, 36045001, 36044517, 36039961]
['wahkor', '10:30', '10:40', 36045580, 36037764, 36045636, 36045698, 36045426, 36045545, 36023453, 36045561, 36045403, 36026214]
['library', '10:30', '10:40', 36018364, 35526201, 36045644, 36045660, 36045784, 36045403, 36045796, 36044517]
['art', '10:30', '10:40', 36045817]
