['food', '00:10', '00:20', 36044581, 36048144, 36048391, 36048350, 36048432, 36048454, 36044196, 36048447, 34582539]
['greenzone', '00:10', '00:20']
['camera', '00:10', '00:20', 35457770, 35534357, 36047212, 36047925]
['cartoon', '00:10', '00:20', 36015060, 36046740, 36044875]
['gallery', '00:10', '00:20', 35457770, 36047052, 36047925]
['klaibann', '00:10', '00:20', 36044487, 36048353, 36034107, 36046479, 36046567, 36044324, 36038776, 36048442]
['jatujak', '00:10', '00:20', 36048264, 36047520]
['chalermkrung', '00:10', '00:20', 36047991, 36048138, 36046071, 36048134, 36019854, 36047178, 36047978]
['chalermthai', '00:10', '00:20', 36046624, 36046672]
['family', '00:10', '00:20', 36047976, 36030673, 36046189, 36038776, 36046760, 36041608]
['home', '00:10', '00:20', 36041839, 36035174, 35838397, 36045041]
['siliconvalley', '00:10', '00:20', 36048451, 36044875, 36048445, 36048443, 36048357, 36048417, 36048439, 36048438, 36047171, 36047647, 35671735]
['beauty', '00:10', '00:20', 33676383, 36045222, 36047788, 36044403, 36048457, 36031657, 36047298, 36029920, 36047488, 36045470, 36047333, 31362305, 30053239, 36042817, 35796331, 36047825]
['writer', '00:10', '00:20', 36048379]
['blueplanet', '00:10', '00:20', 36044904, 36044487, 36047520, 36045902, 36048424, 36048353, 36034107, 36043458, 36047052, 36046894, 36044196, 36046567, 36047707, 36043352, 36044324, 36047233, 36047385, 36047754, 36047925]
['tvshow', '00:10', '00:20', 36048246, 36046575, 36046672, 36048453, 36038068, 36047478, 36047957, 36047845, 36047978, 36042817, 36048231, 36048176]
['bangrak', '00:10', '00:20', 33676383, 36047918, 36047575, 36028907, 36022267, 36048385, 36028484, 36029331, 36030673, 36031993, 35979472, 36048422, 36031655, 36041742, 36039592, 36048403, 36034548, 36048286, 36048426, 36046760, 36041608, 35642241, 36045459, 36048431]
['horoscope', '00:10', '00:20', 36048458, 36043521, 36044113, 36048379, 36048448]
['pantip', '00:10', '00:20']
['region', '00:10', '00:20', 36048455, 36048454, 36044446, 36044196, 36048447, 36046838]
['mbk', '00:10', '00:20', 36042438, 36048421, 36048441, 36048261, 36048444, 36048357, 36048325, 35233050, 36048439, 36048438, 36047647]
['all', '00:10', '00:20', 33676383, 36045222, 36047541, 36047635, 36047918, 36047575, 36045877, 36028907, 35457770, 36044581, 36048458, 36048246, 36048144, 36047788, 36041839, 36022267, 36044904, 36048385, 36047074, 36047976, 36048264, 36028484, 36042438, 36047991, 35759595, 36048350, 36048391, 36046633, 36029331, 36044487, 36044403, 36048272, 36030673, 36048421, 36047520, 36044121, 36045623, 36047458, 36031993, 36041356, 36048457, 36031657, 36048138, 36045902, 36047298, 36048422, 35979472, 36047445, 36031655, 36048456, 36048424, 36029920, 36035174, 36048455, 36043521, 36048353, 36034107, 36043458, 36046071, 36048432, 36046575, 36046624, 36048454, 35534357, 36046479, 36044113, 36048379, 36048134, 36041742, 36046672, 36015060, 36039592, 36048453, 36047142, 36048452, 36038068, 36044283, 36048451, 36048403, 36046740, 36047052, 36047488, 36048446, 36047653, 36044446, 36028665, 36048450, 36046894, 36048449, 36044196, 36044875, 36048448, 36047939, 36047289, 36046189, 36048017, 36047478, 36034548, 36046567, 36048315, 36019854, 36048286, 36047212, 36047707, 36045470, 36047333, 36048447, 36044548, 36043352, 31362305, 36047178, 36048441, 36048261, 36044324, 36047957, 30053239, 36047845, 36023286, 36047978, 36048132, 36042817, 36038776, 36048445, 36048426, 36048288, 36046760, 34582539, 36047166, 36048210, 36046838, 36048444, 35838397, 36048443, 35796331, 36034541, 36047233, 36048357, 36048417, 36037764, 36047825, 36041608, 36048325, 36048442, 35642241, 36045459, 36037583, 36048440, 36045041, 35795654, 36048431, 36048231, 35233050, 36048439, 36048438, 36047171, 36046846, 36047647, 34563929, 36048176, 36042165, 35671735, 36047385, 36047604, 36047754, 36047879, 36047925]
['ratchada', '00:10', '00:20', 36047635, 36047575, 35759595, 36048452, 36048451, 36044446, 36048017, 36047212, 36046838, 36047925]
['rajdumnern', '00:10', '00:20', 36047074, 36047289, 36048132, 36037583]
['isolate', '00:10', '00:20', 36048456, 36048450]
['social', '00:10', '00:20', 36047635, 36047575, 36044904, 36030673, 35979472, 36047445, 36046894, 36044196, 36048448, 36048315, 36048286, 36047333, 36048261, 36048426, 36048210, 35838397, 36047233, 35795654]
['religious', '00:10', '00:20', 36048458, 36044283]
['supachalasai', '00:10', '00:20', 36047541, 35759595, 36046633, 36045623, 36047458, 36047653, 36047825]
['siam', '00:10', '00:20', 36028907, 36048385, 36048272, 35979472, 36048422, 36048379, 36028665, 36034548, 36048315, 36048286, 31362305, 36023286, 36048288, 36047166, 36041608, 36048442, 36048440, 35795654, 36048431, 36042165]
['lumpini', '00:10', '00:20', 36044581, 36044403, 36044121, 36031657, 36047298, 36048455, 36047488, 36048315, 36048261, 36047825, 34563929]
['sinthorn', '00:10', '00:20', 36047074, 36041356, 36047939, 36048132, 36046846, 36047647]
['silom', '00:10', '00:20', 36045877, 36047074, 36048272, 36041356, 36044548, 36048132, 36048288, 36047166]
['wahkor', '00:10', '00:20', 36047142, 36048446, 36034541, 36037764, 36047604, 36047879]
['library', '00:10', '00:20', 36048272, 36048446, 36028665, 36048449, 36034541, 36042165, 36047879]
['art', '00:10', '00:20']
