['food', '00:00', '00:10', 36048391, 36046959, 36044196, 35888241, 35899348, 35899451, 35897141, 36042474, 36048432, 36042174, 36047161, 35904832]
['greenzone', '00:00', '00:10']
['camera', '00:00', '00:10', 36048425, 35534357, 36045299, 35457770, 36047801, 36046549]
['cartoon', '00:00', '00:10', 36048151, 36046047, 36047742]
['gallery', '00:00', '00:10', 35877063, 35457770]
['klaibann', '00:00', '00:10', 36048353, 36035429, 36048411]
['jatujak', '00:00', '00:10', 36048433, 36048076, 36046577]
['chalermkrung', '00:00', '00:10', 36046410, 36048177, 36047818, 36030212, 36047991, 36048134, 36044217, 36047569, 36034802, 36047511]
['chalermthai', '00:00', '00:10', 36037503, 36047009, 36048192]
['family', '00:00', '00:10', 36045018, 36048368, 30797254, 35890110, 35902819, 36041432, 36043605, 36047632, 35906968, 35907082, 35906803, 36047466, 36046189, 35910909]
['home', '00:00', '00:10', 36045041, 36048423, 36035174, 36047200, 35903117, 35911996, 34269195]
['siliconvalley', '00:00', '00:10', 36047636, 36048425, 36048233, 36048115, 35899348, 36047200, 36048218, 36047352, 34269195, 35984351]
['beauty', '00:00', '00:10', 30343614, 30797254, 36047825, 36044151, 30053239, 35899535, 36047298, 36048047, 36048235, 31366137]
['writer', '00:00', '00:10', 36047922]
['blueplanet', '00:00', '00:10', 35835174, 36048353, 36048436, 35877063, 36044196, 35893594, 36044590, 36046386, 35902626, 36047776, 35909629, 34633316, 36048405, 35945146, 36048424]
['tvshow', '00:00', '00:10', 36048270, 36047957, 36048167, 35893594, 36048147, 36044467, 36044217, 36046575, 36048399, 35967733, 36047922, 36039559]
['bangrak', '00:00', '00:10', 36031582, 35884070, 36048160, 35892620, 35890110, 35260356, 36048373, 35879603, 36048426, 36048363, 36048286, 35902819, 35902699, 36048397, 35902626, 36043107, 36041432, 36048431, 36048332, 35899761, 36048386, 35906567, 36047628, 35906144, 35909629, 36048428, 36048385, 36046868, 35906803, 36047161, 35910725, 36048403, 36046983, 35910909, 35915292, 36048422]
['horoscope', '00:00', '00:10', 36047639]
['pantip', '00:00', '00:10']
['region', '00:00', '00:10', 36048361, 36044196, 36044851, 36047776, 36039559]
['mbk', '00:00', '00:10', 36048421, 36048346, 36048423, 36048435, 33844952, 35899348, 36047272, 36048218, 35233050, 36048261, 36048197, 36048394, 36048408]
['all', '00:00', '00:10', 36047987, 36048391, 36046410, 36048177, 34563929, 36048421, 35835174, 36048346, 36048437, 36046959, 36047636, 36048361, 36045018, 36045041, 36048353, 36048425, 36037764, 36048436, 36045348, 36048423, 36031582, 36044548, 36042675, 36047664, 36047818, 35884070, 36048415, 36046920, 36048233, 30343614, 35877063, 36030212, 36048368, 36048160, 36048270, 36047991, 36047957, 36044196, 35892620, 36045842, 30797254, 36048167, 36048343, 35890110, 35260356, 36048373, 35879603, 35893594, 36048435, 36047642, 36037503, 36048426, 36047639, 36044590, 36047825, 35898540, 36035174, 36048434, 36044151, 36048381, 36048363, 36047817, 30053239, 36048147, 36047009, 35899535, 36046633, 33844952, 36048115, 36048286, 36046386, 36045718, 35888241, 35534357, 35899348, 36044467, 35902819, 36048267, 35621430, 36048134, 35902699, 36048085, 36048397, 36047671, 35902626, 36043107, 36048249, 36041432, 36048431, 36043605, 35899451, 36047200, 36047632, 36044851, 36048340, 36047114, 36048332, 35897141, 36048433, 36048432, 36042474, 36047776, 35903117, 36044217, 35899761, 36048076, 36047272, 36048386, 36048384, 36045299, 35903874, 36042174, 36048430, 36046575, 36047322, 36048399, 35906567, 36048218, 36047628, 35906144, 36046982, 36048429, 35909629, 36047569, 34633316, 35906968, 36047298, 36048428, 36035429, 36048405, 35907082, 36048385, 36046868, 35457770, 36048427, 35906803, 35945146, 36047161, 35967733, 35910725, 35233050, 36048047, 36047421, 36047209, 36034802, 36047466, 35904832, 36048151, 36046047, 36048403, 36048424, 36047352, 35911996, 36048261, 36048197, 36046189, 36048285, 36046983, 35910909, 34269195, 36047742, 36047801, 36048192, 35915292, 36047934, 36048411, 36047511, 36046577, 36044584, 36046549, 36048235, 31366137, 36048422, 36048394, 36047922, 36039559, 36048408, 35984351]
['ratchada', '00:00', '00:10', 36048361, 36048434, 36047817, 36045718, 36048267]
['rajdumnern', '00:00', '00:10', 36046920, 36047671, 36046982]
['isolate', '00:00', '00:10', 36047987, 36048437, 35898540, 36047934, 36044584]
['social', '00:00', '00:10', 36046959, 36048423, 36044196, 36048343, 35890110, 35879603, 36048426, 36048381, 36048286, 36046386, 35888241, 36047632, 36047114, 35903874, 36048430, 35906968, 36048261, 36039559]
['religious', '00:00', '00:10']
['supachalasai', '00:00', '00:10', 36047664, 36045842, 36047825, 36046633, 35899535, 35621430, 36048249, 36048384, 36048047]
['siam', '00:00', '00:10', 36048361, 36031582, 36048415, 36048160, 36048343, 35890110, 36048373, 36047642, 36048286, 35902699, 36048397, 36043107, 36048431, 36044851, 35903117, 36047628, 36048429, 36048385, 36047421, 36048422]
['lumpini', '00:00', '00:10', 34563929, 36047825, 36047298, 36047209, 36048261]
['sinthorn', '00:00', '00:10', 35835174, 36045348, 35884070, 36048381, 36048085, 36047632, 36048340, 36047114, 35903117, 36047322, 36048427, 36047421]
['silom', '00:00', '00:10', 36044548, 36048381, 36047632, 36048430, 36046868, 35904832, 36048285]
['wahkor', '00:00', '00:10', 36037764, 36042675, 36047352]
['library', '00:00', '00:10', 36037503, 36047632, 36048411, 36047922]
['art', '00:00', '00:10']
