['food', '08:50', '09:00', 36048902, 36046829, 36048432, 36048749, 36048144, 36048841, 36048783, 36045710, 32144968]
['greenzone', '08:50', '09:00']
['camera', '08:50', '09:00', 36048878, 36045412, 36046878, 36048704, 36048311, 36048688, 36048367, 36048513]
['cartoon', '08:50', '09:00', 36048515, 36047663, 36048277, 36048634, 36048818]
['gallery', '08:50', '09:00', 36048878, 36048311, 36048688]
['klaibann', '08:50', '09:00', 36046829, 36048484, 36048864, 35946796]
['jatujak', '08:50', '09:00', 36048681]
['chalermkrung', '08:50', '09:00', 36047569, 36048845, 36048485, 36046015, 36048171, 36041680, 36047818]
['chalermthai', '08:50', '09:00', 36044398, 36047954, 36039143, 36048744, 36009783]
['family', '08:50', '09:00', 36045830, 36046875, 36048619, 36048886, 36048752, 36041608, 36048891, 36048718, 36048733, 36044038, 36048739, 36048368, 36044080, 36048556, 36048359]
['home', '08:50', '09:00', 36047425, 36045215, 36048749, 36040063]
['siliconvalley', '08:50', '09:00', 36048789, 36048875, 36045412, 36047647, 36045670, 36048898, 36048277, 36048896, 36048747, 36048585, 36048887, 36046447, 36048771, 36048443, 36048843, 36048881]
['beauty', '08:50', '09:00', 36048845, 36048704, 36045470, 36044151, 36042817, 36046187, 36047825]
['writer', '08:50', '09:00']
['blueplanet', '08:50', '09:00', 36045830, 36048894, 36046386, 36043975, 36048874, 36045587, 36048484, 36047300, 36048891, 36045710, 36047077, 36048864, 36048612, 36047702, 36047385, 35946796, 36048359]
['tvshow', '08:50', '09:00', 36048845, 36048822, 36048485, 36018808, 36046627, 36042817, 36041680, 36048176, 36048217, 36048848]
['bangrak', '08:50', '09:00', 36048610, 36048905, 36048523, 36048619, 31271555, 36048511, 36048832, 31266991, 36048895, 36041608, 36044038, 36047575, 36048867, 36048882, 36048883]
['horoscope', '08:50', '09:00', 36048670, 36048506, 36048788, 36048871, 36048867, 36042739, 36048811, 36046213]
['pantip', '08:50', '09:00']
['region', '08:50', '09:00', 36043975, 36047702, 36044446]
['mbk', '08:50', '09:00', 36048907, 36047647, 36048856, 36047645, 36048888, 35233050, 36048898, 36048714, 36048277, 36048755, 31260204, 36048747, 36048890, 36048818, 36043299, 36048887, 36048217, 36047822, 36048780, 36047774]
['all', '08:50', '09:00', 36048878, 36048907, 36048789, 32112260, 36044713, 36048515, 36048129, 36048906, 36048875, 36047569, 36045412, 36048598, 36048681, 36047425, 36047647, 36048658, 36048845, 36048610, 36045830, 36045215, 36048905, 36048904, 36048822, 36048523, 36048903, 36048856, 36048902, 36048775, 36044398, 36048863, 36048141, 36046878, 36048817, 36046875, 36046829, 36048670, 36048292, 36046386, 36044502, 36048619, 36048901, 36047645, 36048694, 36048888, 36048897, 36048432, 36045670, 36048704, 36048791, 36048749, 35233050, 36048692, 36048900, 36048526, 36048485, 36048804, 36048899, 36045470, 36048653, 31271555, 36048456, 36048271, 36048886, 36048144, 36018808, 36043975, 36041052, 36048752, 36042086, 36048511, 36048898, 36048832, 36046015, 36044151, 36047420, 36048714, 36047663, 36048171, 36048277, 36048874, 31266991, 36048770, 36047954, 36048896, 36048755, 36045587, 36048634, 36047300, 36048484, 36039143, 36048267, 36048860, 36046627, 36048744, 36048895, 36048852, 31260204, 36048646, 36041608, 36048764, 36048893, 36048747, 36048506, 35987846, 36048891, 36048890, 36048818, 36048788, 36040063, 36045646, 36042817, 36048889, 36048718, 36048733, 36048734, 36048662, 36043299, 36044038, 36048708, 36048611, 36048836, 36046614, 36047575, 36048739, 36048841, 36048585, 36048783, 36041680, 36048176, 36048887, 36045710, 36047077, 36009783, 36048368, 36048217, 36044283, 36047817, 36048871, 36048311, 36048864, 36048867, 36046447, 36048210, 36046187, 36048771, 36048884, 36048840, 36042739, 36048688, 36047822, 36047825, 36047818, 36048443, 33292456, 35941413, 36048807, 36048811, 36048781, 36048882, 36048110, 36048843, 36048848, 36048820, 36044080, 36048883, 36048367, 36048556, 32144968, 36048612, 36047521, 36047702, 36047385, 36048780, 35946796, 36048513, 36046213, 36047774, 36048359, 36044446, 36048881]
['ratchada', '08:50', '09:00', 36048903, 36048141, 36048292, 36048791, 36048526, 36048267, 35987846, 36048891, 36044038, 36047575, 36047077, 36047817, 36048556, 36047521, 36044446]
['rajdumnern', '08:50', '09:00', 36047420, 36048770]
['isolate', '08:50', '09:00', 36044502, 36048901, 36048899, 36048456, 33292456, 35941413]
['social', '08:50', '09:00', 32112260, 36048523, 36048775, 36048292, 36046386, 36047645, 36048692, 36048752, 36047663, 36048896, 36048895, 36048506, 36043299, 36048611, 36047575, 36048739, 36048210]
['religious', '08:50', '09:00', 36044713, 36048611, 36044283]
['supachalasai', '08:50', '09:00', 36048906, 36048904, 36048141, 36048897, 36048804, 36048653, 36048852, 36048646, 36045646, 36048662, 36048708, 36048836, 36047825, 36048807, 36048781, 36048110, 36048820, 36048556]
['siam', '08:50', '09:00', 36048905, 36048619, 36048704, 31271555, 36042086, 36048832, 36047663, 31266991, 36048895, 36041608, 36048734, 36048783, 36048882, 36048883]
['lumpini', '08:50', '09:00', 36046829, 36048704, 36048900, 31271555, 36047663, 31266991, 36048889, 36048841, 36046187, 36047825]
['sinthorn', '08:50', '09:00', 36048129, 36048598, 36047647, 36048658, 36048523, 36048775, 36048817, 36048292, 36048694, 36048791, 36048526, 36048271, 36048860, 36048764, 36048884, 36048840]
['silom', '08:50', '09:00', 36048129, 36048523, 36048292, 36048749, 36041052, 36047420, 36048506, 36048783]
['wahkor', '08:50', '09:00', 36048863, 36048292, 36048900, 36046614, 36046187, 36048811]
['library', '08:50', '09:00', 36048129, 36048845, 36043975, 36048893, 36048811]
['art', '08:50', '09:00', 36046878, 36048634]
