['food', '20:10', '20:20', 36044588, 36046829, 36046607, 36047098, 36042474, 32144968, 36047590]
['greenzone', '20:10', '20:20', 36045593]
['camera', '20:10', '20:20', 36045412, 36046448, 36047598]
['cartoon', '20:10', '20:20', 36046929]
['gallery', '20:10', '20:20', 36047052]
['klaibann', '20:10', '20:20', 36044588, 36045823, 36046829, 36040051, 36046794, 36047252, 36047601]
['jatujak', '20:10', '20:20', 36047339, 36046764, 35937879, 36045333, 36045930, 36047520, 36045580]
['chalermkrung', '20:10', '20:20', 36044718, 36046015, 36047618, 36047569, 36047502, 36047561, 36047337, 36047242, 36046410, 36046929, 36047167, 36047440, 36044892, 36047369, 36046110]
['chalermthai', '20:10', '20:20', 36041666, 36047412, 36036119, 36046929, 36046672]
['family', '20:10', '20:20', 35807137, 36041432, 36046189, 35967896, 36046607, 36047217, 36040051, 36044539, 36047615, 36044080, 36045018, 36047610, 36047093, 36047401, 36046881]
['home', '20:10', '20:20', 36047625, 36047200, 36046032, 36047425, 36045930]
['siliconvalley', '20:10', '20:20', 36046447, 36047417, 36047510, 36047200, 36046996, 36047427, 36047619, 36045412, 36047302, 36047451, 34939571, 36046766, 36044974, 36047315, 36043086, 36047599]
['beauty', '20:10', '20:20', 36047370, 34243297, 36047623, 36027081, 30598432, 36037801, 36041355, 36047217, 31416422, 36037550, 36045490, 36047613, 36037793, 36045016, 35912732, 36047592]
['writer', '20:10', '20:20', 36047591, 36044267, 36045604]
['blueplanet', '20:10', '20:20', 35807137, 35940618, 35967896, 35988836, 36047233, 36043803, 36047617, 36046794, 36045980, 36047327, 36047072, 36047052, 36047520, 36047601, 36046905, 35959179, 36046674, 36046925, 36047595]
['tvshow', '20:10', '20:20', 36046016, 35913321, 36046555, 36046392, 36045404, 36040354, 36046575, 36047213, 36047447, 36047560, 35946947, 36046995, 36047573, 36047611, 36047424, 36047383, 36047153, 36046770, 36046362, 36047442, 36046672, 36047369, 36047462, 36047478]
['bangrak', '20:10', '20:20', 36047575, 36047587, 36047628, 36047430, 36041432, 36023833, 36047597, 36044920, 36047528, 36047620, 36047616, 36044539, 36047485, 36047400, 36041541, 36047093, 36047603, 36047582, 36047032, 36047448, 36047248, 35793925, 36042940, 36047526, 36011212, 36047576, 36047407, 36047271, 36047401, 36047234, 36046881]
['horoscope', '20:10', '20:20', 35999099, 36047364, 36047196, 36046891, 36047407]
['pantip', '20:10', '20:20', 36046995, 36047559, 36047462]
['region', '20:10', '20:20', 35988836, 36045552, 36046838, 36047617, 36047529, 36047327, 36044851]
['mbk', '20:10', '20:20', 36047250, 36047179, 36047624, 36047183, 36047543, 36046563, 36047585, 36047068, 36047605, 36046789, 34230076, 36047513, 36044974, 36047606, 36046997, 36043086, 36047598, 36047589, 36046941, 36047588, 36044552]
['all', '20:10', '20:20', 36047575, 36044588, 36046471, 36047262, 36047250, 36044718, 35999099, 36044777, 36046903, 36041666, 36047339, 35807137, 36046811, 36047587, 36047628, 36046015, 36046447, 36046764, 36047618, 36047430, 36047370, 36047625, 36046743, 36046920, 36047364, 36047502, 36047627, 36047626, 36047179, 36041052, 36046949, 36046738, 36047417, 36044283, 36041432, 36045823, 34243297, 36045498, 36047561, 36046965, 36047510, 36046829, 36047622, 36047624, 36047337, 36047114, 36046016, 36046189, 36047623, 36047312, 36047200, 36027081, 36023833, 35940618, 35980353, 36047242, 36047597, 36047183, 36046551, 36046410, 36047458, 36046032, 36047543, 35913321, 36047090, 36047621, 36044548, 36046996, 36045371, 36047470, 36047472, 36047489, 35967896, 30598432, 36038908, 36037801, 36044920, 36046555, 36046392, 35937879, 36041355, 35988836, 36045552, 36047528, 36046607, 36045404, 36047427, 36047233, 36047620, 36047425, 36043803, 36047217, 31416422, 36047619, 36045412, 36047367, 36046838, 36040354, 36046563, 36047614, 36047617, 36047616, 36047585, 36037550, 36040051, 36045490, 36044539, 36046575, 36046794, 36045333, 36045980, 36047213, 36047529, 36047302, 36046078, 36047485, 36047451, 36047447, 34939571, 36047400, 36047441, 36040639, 36047560, 36047181, 36047615, 35946947, 36047068, 36047412, 36038821, 36046995, 36047252, 36047573, 36046772, 36047605, 36044080, 36047196, 36047291, 36046789, 36047613, 36047513, 34230076, 36046766, 36047473, 36045930, 36044974, 36047523, 36046448, 36047578, 36047608, 36047327, 36047072, 36047318, 36036119, 36045018, 36046929, 36047611, 36047098, 36047424, 36047609, 36047610, 36047607, 36047383, 36047052, 36041541, 36047093, 36047153, 36047315, 36042988, 36047606, 36047416, 36047520, 36045580, 36046770, 36046997, 36046805, 36047604, 36047603, 36047582, 36043086, 36047032, 36047448, 36032885, 36046362, 36047167, 36047559, 36047278, 36046846, 36037793, 36045016, 36045752, 36047248, 35912732, 36047591, 36044267, 35793925, 36047601, 36042474, 36046905, 36047600, 36047126, 35959179, 36046891, 36046674, 36042940, 36047440, 36047592, 32144968, 36047289, 36044892, 36047599, 36044851, 36047304, 36044902, 36045593, 36046302, 36047526, 36047598, 36046925, 36047589, 36047596, 36047102, 36035073, 36047595, 36011212, 36047576, 36045604, 36010312, 36047487, 36046941, 36047271, 36047407, 36046795, 36047401, 36047442, 36047594, 36047593, 36047285, 36046672, 36046681, 36047590, 36047234, 36047588, 36047369, 36047220, 36046110, 36047378, 36044552, 36046881, 36046609, 36047462, 36047478]
['ratchada', '20:10', '20:20', 36047575, 35807137, 36047627, 36047489, 35988836, 36046838, 36040639, 36038821, 36046766, 36046302]
['rajdumnern', '20:10', '20:20', 36046920, 36046949, 36047312, 36047614, 36047441, 36047291, 36047289, 36047304]
['isolate', '20:10', '20:20', 36044777, 36046903, 36046738, 35980353, 36047473, 36047578, 36047608, 36042988, 36032885, 36010312, 36047594]
['social', '20:10', '20:20', 36047575, 36047370, 36047114, 36047623, 36047233, 36040051, 36040639, 36047181, 36047615, 36046789, 36047610, 36046941, 36047407, 36044552]
['religious', '20:10', '20:20', 36046811, 36044283, 36047622, 36046551, 36047529, 36045593, 36046795, 36046609]
['supachalasai', '20:10', '20:20', 36047458, 36038908, 31416422, 36047367, 36047213, 36046078, 36047318, 36047609, 36047278, 36035073, 36047378]
['siam', '20:10', '20:20', 36047587, 36047628, 36047430, 36046743, 36023833, 36045371, 36047470, 36044920, 36047528, 36047620, 36047181, 36047416, 36047603, 36047582, 36047448, 35793925, 36047600, 36044851, 36047526, 36047596, 36011212, 36047576, 36047271, 36047234]
['lumpini', '20:10', '20:20', 36047370, 34243297, 36046829, 30598432, 36037801, 36041355, 36047217, 31416422, 36047252, 36047613, 36047610, 35912732, 36042940, 36044902, 36011212, 36047407]
['sinthorn', '20:10', '20:20', 36047339, 36047626, 36045823, 36045498, 36047114, 36047472, 36047615, 36046772, 36047523, 36046448, 36047327, 36046805, 36046846, 36045752, 36047126, 36047102, 36047487, 36047285, 36046681, 36047220]
['silom', '20:10', '20:20', 36046743, 36041052, 36045823, 36046965, 36047623, 36047090, 36044548, 36047472, 36047607, 36047593, 36046681]
['wahkor', '20:10', '20:20', 36046471, 36046949, 36046551, 36045552, 36047614, 36047252, 36045580, 36047604]
['library', '20:10', '20:20', 36047262, 36046743, 36046949, 36046551, 36047621, 36047470, 36045552, 36047412, 36046995, 36044267, 36047596]
['art', '20:10', '20:20', 36046929, 36047598]
