['food', '07:20', '07:30', 36048194, 33349363, 36044196, 36048749, 36048432]
['greenzone', '07:20', '07:30']
['camera', '07:20', '07:30', 36048704, 36047733, 36045412, 36048535]
['cartoon', '07:20', '07:30', 36048277]
['gallery', '07:20', '07:30', 36048535, 36047071]
['klaibann', '07:20', '07:30', 36027150]
['jatujak', '07:20', '07:30', 36048681, 36048159]
['chalermkrung', '07:20', '07:30', 36047991, 36047818, 36048062, 36047561]
['chalermthai', '07:20', '07:30', 36048192]
['family', '07:20', '07:30', 36048586, 36048752, 36048750, 36048739, 36047204, 36045018, 36047217]
['home', '07:20', '07:30', 36045990, 36044185, 36042698, 36048749, 36047192]
['siliconvalley', '07:20', '07:30', 36048277, 36045412, 36045484, 36048747]
['beauty', '07:20', '07:30', 36048704, 36047203, 36047797, 36047217]
['writer', '07:20', '07:30', 36048468]
['blueplanet', '07:20', '07:30', 36044196, 35793073, 36047733, 36044946, 36047071]
['tvshow', '07:20', '07:30', 36046590, 36048736, 36048147, 36048270, 36048176, 36047192, 36048231]
['bangrak', '07:20', '07:30', 36004797, 36048586, 36048752, 36030816, 36048599, 36043537, 36048727]
['horoscope', '07:20', '07:30', 36048561, 36048670, 36048323, 36048727]
['pantip', '07:20', '07:30']
['region', '07:20', '07:30', 36045391, 36044196, 36047733, 36044946, 36048361]
['mbk', '07:20', '07:30', 36048621, 36046291, 36048701, 36048751, 35759139, 36048277, 36048747]
['all', '07:20', '07:30', 36048741, 36045990, 36044185, 36004797, 36045789, 36048621, 36048681, 36043027, 36048704, 36048644, 36048694, 36048586, 36048752, 36046525, 36046291, 36046927, 36045391, 36008382, 36048194, 36048701, 36046590, 36048129, 36048736, 36042698, 36047291, 36048751, 36030816, 36048685, 36047689, 36048653, 36045686, 36047656, 36048750, 36047991, 36047818, 36048376, 35759139, 36047203, 36044196, 36048569, 36048159, 35999131, 36048650, 36048366, 36047930, 35793073, 36047496, 36048739, 36048277, 36047733, 36047204, 36048147, 36048661, 36048599, 36047087, 36048646, 36040502, 32272581, 36048561, 36048749, 36048270, 36048503, 36048748, 35677590, 36048468, 36048728, 36048176, 36033852, 36048670, 36045412, 36048009, 36048432, 36039772, 36027150, 36047797, 36048654, 36043537, 36048720, 36048545, 36045484, 36048535, 36048723, 36048696, 36047192, 36048707, 36043177, 36048323, 36045018, 36048062, 36044946, 36048708, 36047561, 36048603, 36048231, 36047090, 36048192, 36048747, 36048205, 36048727, 36047071, 36047217, 36048361, 36048123]
['ratchada', '07:20', '07:30', 36047087, 36048545, 36048361]
['rajdumnern', '07:20', '07:30', 36047291, 36047496, 36048661]
['isolate', '07:20', '07:30', 36046525, 36008382, 35999131, 36048654, 36043177, 36048603]
['social', '07:20', '07:30', 36048621, 36043027, 36044196, 36048739, 36047087, 32272581, 36039772, 36027150]
['religious', '07:20', '07:30', 36045789]
['supachalasai', '07:20', '07:30', 36048741, 36048653, 36048569, 36048650, 36048646, 36048728, 36048009, 36048696, 36048708]
['siam', '07:20', '07:30', 36004797, 36048704, 36030816, 36048599, 36048748, 36033852, 36039772, 36047797, 36048361]
['lumpini', '07:20', '07:30', 36048704, 36045391, 36047797, 36047217, 36048123]
['sinthorn', '07:20', '07:30', 36048694, 36046927, 36048129, 36048685, 36047656, 36048376, 36047930, 36048503, 36048723, 36048707]
['silom', '07:20', '07:30', 36048129, 36045686, 36040502, 32272581, 36048749, 36048009, 36047090]
['wahkor', '07:20', '07:30', 36048752, 36047689, 36045686, 36048366, 35677590, 36048720, 36045484, 36048205]
['library', '07:20', '07:30', 36048129, 36047689, 36048748, 35677590, 36048468]
['art', '07:20', '07:30']
