['food', '23:20', '23:30', 36045451, 36020187, 36047344, 36048194, 32680771, 36046556, 36046829, 36048144, 36043347, 36031927, 36047098]
['greenzone', '23:20', '23:30', 36045593]
['camera', '23:20', '23:30', 36043497, 36047347, 36047010, 36048221, 36048273, 36048207, 36047336, 36047122, 36044852, 36047598]
['cartoon', '23:20', '23:30', 36048253, 36046929, 36046588, 36045208, 36035980, 36043597, 35387096]
['gallery', '23:20', '23:30', 36047010, 36045182, 36046556, 36035834]
['klaibann', '23:20', '23:30', 36047863, 36047252, 36046228, 36047782, 36046725, 35816995, 36044382, 31407150, 36046829, 36038862]
['jatujak', '23:20', '23:30', 36048336, 36044605]
['chalermkrung', '23:20', '23:30', 36046929, 36047569, 36047167, 36045658, 36047840, 36047818, 36045638, 36048138, 36047991, 36048080, 36047502, 36047978, 36047178]
['chalermthai', '23:20', '23:30', 36046929, 36048317, 36045208, 36039143, 36047954, 36048036, 36048229, 36037526]
['family', '23:20', '23:30', 36047610, 36048335, 36047057, 36045135, 36046189, 36044038]
['home', '23:20', '23:30', 36046722, 36046744, 36041839, 36047187, 35294391, 36048065, 36045535]
['siliconvalley', '23:20', '23:30', 35808696, 36048040, 36047264, 36048324, 36048333, 36048326, 36046293, 36048007, 36048233, 36048321, 36047647, 36039801, 36048318, 36048316, 36046399, 36038862]
['beauty', '23:20', '23:30', 36047819, 36042817, 30895009, 35987505, 36047825, 36044457, 36048186, 35858813]
['writer', '23:20', '23:30', 36047922]
['blueplanet', '23:20', '23:30', 36048338, 36035202, 36047782, 36044818, 36046725, 36045182, 36046894, 35816995, 31407150, 36047923, 36047233, 36048229, 36048319, 36046422, 36035834]
['tvshow', '23:20', '23:30', 36048176, 36048255, 36044332, 36044936, 36045658, 36042817, 36047153, 36045922, 36040354, 36048114, 36044965, 36047442, 36047524, 36046948, 36044659, 36048167, 36047845, 35989216, 36047922, 36047876, 36048229, 36046238, 36047435, 36047978, 36048281]
['bangrak', '23:20', '23:30', 36048323, 36048178, 36048290, 36048196, 36047727, 36004797, 36043942, 36047836, 36048247, 36048266, 36048328, 36048332, 35977245, 36048330, 36044382, 36048286, 36044038, 36048282, 36048201, 36047211, 36048224, 36045105, 36047576]
['horoscope', '23:20', '23:30', 36048323, 36038733, 36047983, 36046891, 36048100, 36036872, 36048280, 36047740]
['pantip', '23:20', '23:30']
['region', '23:20', '23:30', 36046838, 36047740]
['mbk', '23:20', '23:30', 36047971, 36047477, 36044552, 36048334, 36048185, 36047183, 36048325, 36047517, 36048083, 36047360, 36047647, 36036706, 36045234, 36047598, 36038862]
['all', '23:20', '23:30', 36048323, 36038733, 36046838, 36048253, 36048205, 36048178, 36048176, 36046929, 36043497, 36048184, 36048338, 36048337, 36047184, 36048290, 36048196, 36048276, 36035202, 36047347, 36047569, 36047727, 36047610, 36047167, 36048255, 36048317, 35808696, 36044332, 36004797, 36048336, 36044936, 36043942, 36047819, 36045658, 36047863, 36047971, 36047983, 36045451, 36042817, 36047153, 36045922, 36047252, 36048259, 36047082, 36028086, 36047477, 36047836, 36044863, 36048247, 36044552, 36020187, 36040354, 36048114, 36048183, 36047840, 35919760, 36048040, 36048335, 36046228, 36048266, 36047264, 36047057, 36048324, 36048328, 36045037, 36048334, 36045593, 36045698, 36046111, 36047782, 36047652, 36048333, 36044965, 36047344, 36047442, 36048332, 36046722, 36047869, 36044605, 35977245, 36044818, 36046725, 36047312, 36048331, 36048210, 36045135, 36047010, 36047524, 36048185, 36046588, 36048330, 36045182, 36046894, 36037885, 36048329, 36046948, 36044659, 36046891, 36048326, 35816995, 36047183, 36044283, 36046189, 36046293, 36044382, 36048325, 36047517, 36047818, 36045208, 36045638, 31407150, 36047671, 36048327, 36048313, 36047923, 36035980, 36048286, 36048083, 36048194, 36044038, 36048167, 36047541, 36039143, 36048221, 36047845, 36048292, 36048284, 36048138, 32939836, 35989216, 36048100, 32680771, 36048282, 36047922, 36036872, 36047649, 36047233, 36048007, 36046744, 36041830, 36048274, 36047360, 36046556, 36047954, 36048275, 36041839, 36048320, 34808540, 36047876, 36046829, 36048233, 36048036, 36048144, 36048273, 36048201, 36047087, 35710209, 30895009, 36002529, 36048207, 35987505, 36047211, 36048229, 36047991, 36047825, 36048322, 36047187, 36048224, 36048321, 36047647, 36043347, 36047336, 36039801, 36037526, 36042165, 36044077, 36048319, 36048280, 36048318, 36047706, 36047122, 36048302, 36046238, 36043597, 36048316, 36047501, 36048097, 36036706, 35294391, 36046223, 36048080, 36026969, 36048305, 30178639, 36048315, 36048306, 36047435, 36045105, 36044457, 36047740, 36048065, 36047502, 36047576, 36047978, 36047178, 36044852, 36046399, 35387096, 36048186, 36032401, 35858813, 36031927, 36045535, 36048281, 36046422, 36047098, 36035834, 36048314, 36045234, 36047598, 36038862]
['ratchada', '23:20', '23:30', 36046838, 36047184, 36048337, 36044936, 36047863, 36046111, 36037885, 35816995, 36047923, 36044038, 36048292, 36041830, 36047087, 36048319, 36046223]
['rajdumnern', '23:20', '23:30', 36045698, 36047312, 36047671, 36047706]
['isolate', '23:20', '23:30', 35919760, 36048274, 36048306]
['social', '23:20', '23:30', 36048323, 36048276, 36047610, 36043942, 36047863, 36048259, 36044552, 36048183, 36047057, 36048334, 36047782, 36047652, 36048210, 36046894, 36048286, 36048292, 32939836, 36047233, 36046556, 36047087, 36048322, 36039801, 36046223, 36026969, 36048315, 36048065, 36031927]
['religious', '23:20', '23:30', 36047983, 36047082, 36045593, 36047344, 36044283, 36044077]
['supachalasai', '23:20', '23:30', 36048184, 36048336, 36044863, 36048331, 36047541, 36048275, 36002529, 36047825]
['siam', '23:20', '23:30', 36048323, 36048178, 36048290, 36048276, 36048196, 36004797, 36043942, 36045451, 36048259, 36047082, 36047836, 36048183, 36048266, 36048328, 35977245, 36044382, 36048286, 36048282, 36036872, 36048320, 35710209, 36047211, 36048229, 36048322, 36042165, 36048302, 30178639, 36048315, 36045105, 36047740, 36047576, 36032401, 36048314]
['lumpini', '23:20', '23:30', 36047610, 36047252, 36048183, 36048335, 36048327, 36048313, 36048284, 36046829, 30895009, 36047825, 36048315]
['sinthorn', '23:20', '23:30', 36048276, 36045037, 36048329, 36048292, 32939836, 36047649, 36047187, 36047647, 36047501, 36031927]
['silom', '23:20', '23:30', 36048336, 36045451, 36047082, 36028086, 36048326, 36048292, 32939836, 36039801, 36026969]
['wahkor', '23:20', '23:30', 36048205, 36048336, 36047252, 36045698, 36047869, 36048292, 32939836, 36048097, 36047740]
['library', '23:20', '23:30', 36047863, 36048259, 36047082, 36047922, 36046556, 34808540, 35710209, 36042165, 36048097, 30178639, 36048305]
['art', '23:20', '23:30', 36046929, 36047598]
