['food', '18:40', '18:50', 35771025, 36046761, 36045963, 36047216, 36046607, 36046833, 36047253, 32144968]
['greenzone', '18:40', '18:50', 36047216]
['camera', '18:40', '18:50', 36046227, 36047121, 36040608]
['cartoon', '18:40', '18:50', 36036519, 36046191, 36047222, 36047261, 36046357, 36046318]
['gallery', '18:40', '18:50', 36046679, 36046876, 36040608, 36047071]
['klaibann', '18:40', '18:50', 36047199, 36045403]
['jatujak', '18:40', '18:50', 36045333, 36044702, 36047070, 36046577, 36046833, 36046777, 36045853]
['chalermkrung', '18:40', '18:50', 36047167, 36047159, 36046410, 36046853, 36046756, 36047242, 36047120, 36006816, 36046962, 36047258, 36047255]
['chalermthai', '18:40', '18:50', 32872487, 36044658, 36047222, 36047027]
['family', '18:40', '18:50', 36041432, 35772887, 35737521, 36045018, 36046607, 36047021, 36046776, 35724415, 36045830]
['home', '18:40', '18:50', 36040807, 36026974, 36047013, 36045869, 36047216, 36047070, 36040936, 36046924, 36046697, 36047146, 36047111, 36045990, 36034352, 36034352, 36044597, 36046544, 36034979]
['siliconvalley', '18:40', '18:50', 36047230, 36026974, 36045251, 36046191, 36047274, 36047269, 36046697, 36046522, 36047266, 36047264, 36046604, 36047261, 36047256, 36046992]
['beauty', '18:40', '18:50', 36047281, 35735713, 34789418, 36044151]
['writer', '18:40', '18:50', 36044218]
['blueplanet', '18:40', '18:50', 36039189, 36044590, 36046679, 36046937, 36046876, 36043803, 36047199, 36046660, 36046925, 36047021, 36046508, 36046905, 36047176, 36046022, 36047071, 36045830]
['tvshow', '18:40', '18:50', 36039189, 36040730, 36046948, 36047229, 32872487, 36046853, 36046647, 36047118, 36047128, 36038631, 36047275, 36047086, 36046756, 36045922, 36047120, 36045193, 36045404, 36046555, 36047154, 36047105]
['bangrak', '18:40', '18:50', 36041432, 35772887, 36046657, 36047047, 35739687, 36046773, 36047267, 35737521, 36031755, 35731094, 35729355, 35728780, 36046868, 36047234, 36043107, 36047129, 36047276, 36047271, 36047269, 35729174, 35728733, 35724415, 36004797, 35727825, 35727880, 36029256, 36046174, 35726561]
['horoscope', '18:40', '18:50', 36047196, 36046891, 36046413, 36046340, 36043521, 36047273, 36044881, 36046199, 36042739]
['pantip', '18:40', '18:50', 36047229, 36046647, 36047086]
['region', '18:40', '18:50', 36046937, 34646793, 36047021]
['mbk', '18:40', '18:50', 36047230, 36044552, 36045799, 36047249, 36047272, 36047250, 36046332, 36047177, 36032288, 36047266, 36047183, 36047263, 36010361, 36047068, 36046789]
['all', '18:40', '18:50', 36003827, 36047196, 36047225, 36041432, 36047277, 36047230, 36047223, 36043034, 35772887, 36045646, 36039189, 36040730, 36047167, 36044590, 35771025, 36036519, 36046657, 36040807, 36046551, 36046227, 36047278, 36047159, 36044555, 36038908, 36046948, 36047281, 36044424, 36047280, 36047047, 35739687, 36039007, 36047229, 36026974, 36040627, 32872487, 36046410, 36045251, 36046773, 36046853, 36046679, 36046708, 35735713, 36044552, 36046938, 31192245, 36047267, 36046647, 36046937, 36047048, 36047202, 36047240, 36046669, 36047090, 36046876, 35737521, 36046761, 36045333, 36047118, 36046891, 36044702, 36046413, 36031755, 36044218, 35731094, 36047013, 36045963, 35729355, 36047044, 36047128, 36045869, 35728780, 36047216, 36038631, 36046868, 36046191, 36047234, 36045018, 36046340, 36045371, 36043107, 36047279, 36041373, 36047142, 36043803, 36045442, 36045799, 36047129, 34646793, 36047199, 36047275, 36043521, 36044121, 36047276, 36047070, 36047144, 36046607, 36047268, 36040936, 36047086, 35931266, 36047220, 36046466, 36047274, 36047273, 36047249, 36046577, 36047272, 36044881, 36046660, 36046833, 36047250, 36045348, 36046199, 36044658, 36046924, 36046925, 36047271, 36047021, 36047119, 36046756, 36047270, 36046508, 36046905, 36047028, 36047103, 36046332, 36046918, 36047177, 36047242, 36047020, 36047222, 36046965, 36047269, 36046805, 36045922, 36046776, 36047121, 36046777, 36047244, 36047087, 36046697, 36046927, 36032288, 36047176, 36046522, 36047146, 36047266, 36047265, 36047120, 36046835, 36046157, 36045193, 36047111, 36035058, 36045990, 36047206, 36047264, 36046604, 36047183, 36047263, 36047027, 36046586, 34789418, 36044697, 36034352, 36034352, 35574940, 36045717, 36040608, 36046633, 36044077, 36044151, 36006816, 36042739, 36045698, 36045404, 36010361, 36046022, 36047262, 36047260, 36047261, 36046812, 36046357, 36046962, 36047259, 36044597, 35729174, 36047258, 35442259, 36046544, 36045853, 36034979, 35728733, 36047071, 36046318, 36046555, 36047256, 36047257, 35724415, 36047154, 36047068, 36047255, 36004797, 36047254, 36047181, 36046789, 36046992, 36045830, 35727825, 36047253, 32144968, 35727880, 36029256, 36047172, 31811578, 36046174, 36046933, 35726561, 36046710, 36045403, 36047105]
['ratchada', '18:40', '18:50', 36003827, 36044555, 36045442, 36047087, 36045717, 36046022, 36046812, 36046933]
['rajdumnern', '18:40', '18:50', 36047223, 36047280, 36039007, 36046938, 36047044, 36047103, 36046157, 36045698]
['isolate', '18:40', '18:50', 36047277, 36044424, 36047048, 36047144, 36047270, 36047259, 36047254]
['social', '18:40', '18:50', 35772887, 36039189, 36047047, 35739687, 36044552, 36047240, 35737521, 36047013, 36045963, 36047276, 36047119, 36047087, 36046157, 36035058, 36046586, 36044697, 36010361, 35442259, 36047181, 36046789, 36047253]
['religious', '18:40', '18:50', 36046551, 31192245, 36041373, 36044077]
['supachalasai', '18:40', '18:50', 36047225, 36045646, 36047278, 36038908, 36046708, 35735713, 36046669, 36040936, 36046466, 36047020, 36046835, 36046633, 36047172]
['siam', '18:40', '18:50', 36046657, 36040627, 36047267, 36031755, 35731094, 35729355, 35728780, 36047234, 36045371, 36043107, 36047129, 36047268, 35931266, 36047271, 36047269, 36047265, 36047120, 36047206, 36047260, 35729174, 35728733, 36004797, 36047181, 36046174]
['lumpini', '18:40', '18:50', 36047281, 36040627, 35735713, 36047202, 36047240, 36044702, 36044121, 36040936, 36046777, 36046586, 36047257]
['sinthorn', '18:40', '18:50', 36047044, 34646793, 36047220, 36045348, 36046924, 36047028, 36046918, 36046805, 36046927, 36047111, 36035058]
['silom', '18:40', '18:50', 36043034, 36039189, 36047240, 36047090, 36046868, 36047279, 36046833, 36046965, 36046586, 35574940, 35442259, 36034979, 36046992, 31811578]
['wahkor', '18:40', '18:50', 36046551, 36047280, 36047202, 36047142, 36047244, 36045698, 36046710, 36045403]
['library', '18:40', '18:50', 36046551, 36040627, 36047268, 36047265, 36047262, 36046318, 36045403]
['art', '18:40', '18:50']
