['food', '08:10', '08:20', 30738423, 30560291, 36046833, 36048783, 36046829, 31533255, 36044581]
['greenzone', '08:10', '08:20']
['camera', '08:10', '08:20', 36048704, 36047347, 36048535, 36033129, 36048367, 36044929]
['cartoon', '08:10', '08:20', 36048277, 36046191, 36048818]
['gallery', '08:10', '08:20', 36047052, 36048535, 36044929]
['klaibann', '08:10', '08:20', 36047252, 36048353, 36045628, 36046829]
['jatujak', '08:10', '08:20', 36048433, 36048681, 36046833, 36048815]
['chalermkrung', '08:10', '08:20', 36044973, 36047511, 36043061, 36046071, 36028426, 36047178]
['chalermthai', '08:10', '08:20', 36048140, 36048756, 36047567, 36048563]
['family', '08:10', '08:20', 36046177, 36045018, 36048802, 36044080, 36048752, 36047899, 36046978, 36025512, 36047615, 36048733, 36048809, 36046189]
['home', '08:10', '08:20', 36048763, 36047644, 36033818, 36046387]
['siliconvalley', '08:10', '08:20', 36048316, 36048757, 36048269, 36048277, 36046191, 36047580, 35403877]
['beauty', '08:10', '08:20', 36048704, 36048554, 36045470, 36048796, 36033483, 36048251]
['writer', '08:10', '08:20']
['blueplanet', '08:10', '08:20', 36033681, 36047052, 36048353, 36048424, 36048709, 36048801, 36045506, 36044929]
['tvshow', '08:10', '08:20', 36028920, 36048140, 36043731, 36047957, 36046219]
['bangrak', '08:10', '08:20', 36048647, 36046210, 36048599, 36046177, 36046897, 36048431, 36048752, 36048819, 36043107, 36045459, 36047506]
['horoscope', '08:10', '08:20', 36048811, 36036872, 36047639, 36048458, 36047196, 36046340, 36048670]
['pantip', '08:10', '08:20']
['region', '08:10', '08:20', 36048709]
['mbk', '08:10', '08:20', 30778378, 36048277, 36046997, 36046967, 36048818, 36047580, 36046291, 36048812]
['all', '08:10', '08:20', 36033681, 36048316, 36048647, 36048433, 36048791, 36048763, 36048811, 36047644, 36048827, 36046210, 36048681, 36028920, 36044973, 36047252, 36048804, 36048140, 36047511, 36048623, 36048704, 36048757, 36048269, 30738423, 36043061, 36048554, 36048452, 36048756, 36045470, 36048826, 36048653, 36043731, 36036872, 36047052, 36048599, 36033818, 36048640, 36048694, 36048699, 36046071, 36048774, 36048796, 36048825, 36047639, 36048458, 30778378, 36046177, 36046645, 36048353, 36048070, 36048813, 36048807, 36046897, 36047764, 36048760, 36048808, 36048824, 36048277, 30560291, 36047196, 36045018, 36048708, 36048431, 36047567, 36036496, 36046340, 36046839, 36044002, 36048670, 36048060, 36048427, 36048292, 36046833, 36048802, 36045628, 36048823, 36048646, 36046191, 36010343, 36042920, 36048424, 36047347, 36046997, 36044080, 36048752, 36048741, 36048163, 36048787, 36044548, 36048781, 36048821, 36046967, 36048775, 36047899, 36028426, 36046164, 36046387, 36048783, 36033483, 36048535, 36048251, 36048820, 36048709, 36033129, 36047957, 36048563, 36048713, 36048801, 36048819, 36046978, 36048367, 36048817, 36048818, 36047580, 36046829, 36045506, 36048816, 36047178, 36025512, 36048815, 36046291, 36048707, 36048661, 36043107, 36047615, 36048717, 36045758, 36045459, 36046219, 31533255, 36044929, 35403877, 36044121, 36048733, 36034927, 36045772, 36048809, 36048812, 36046189, 36048103, 36044581, 36048271, 36048810, 36047506]
['ratchada', '08:10', '08:20', 36048791, 36048452, 36046645, 36044002, 36048292, 36048823, 36048709, 36048801]
['rajdumnern', '08:10', '08:20', 36048774, 36048813, 36046164, 36048661, 36048103]
['isolate', '08:10', '08:20', 36048826, 36048070, 36047764, 36048816]
['social', '08:10', '08:20', 36048796, 36046177, 36048060, 36048292, 36048775, 36047899, 36048713, 36045506, 36047615, 36048717, 36045758]
['religious', '08:10', '08:20', 36048458, 36042920, 36047899]
['supachalasai', '08:10', '08:20', 36048804, 36048653, 36046645, 36048807, 36048824, 36048708, 36036496, 36048646, 36048741, 36048821, 36048781, 36048820, 36034927]
['siam', '08:10', '08:20', 36048647, 36046210, 36048704, 36036872, 36048599, 36048796, 36048431, 36010343, 36048783, 36048251, 36048713, 36048819, 36043107, 36048717, 36048810, 36047506]
['lumpini', '08:10', '08:20', 36048827, 36047252, 36048704, 36048554, 36046978, 36046829, 36048717, 36045758, 36044121, 36044581]
['sinthorn', '08:10', '08:20', 36048791, 36048623, 36048640, 36048694, 36048699, 36048808, 36044002, 36046839, 36048427, 36048292, 36048163, 36048787, 36048775, 36046387, 36048817, 36048707, 36047615, 36045758, 36048271]
['silom', '08:10', '08:20', 30738423, 36048640, 36048060, 36046833, 36048292, 36045628, 36044548, 36048783, 36045506]
['wahkor', '08:10', '08:20', 36048811, 36047252, 36048269, 36043061, 36048760, 36048292, 36010343, 36048752, 36048563, 36048818, 36044929, 36045772]
['library', '08:10', '08:20', 36048811, 36043061, 36043731, 36048825, 36048760, 36010343]
['art', '08:10', '08:20', 36048818]
