['food', '11:20', '11:30', 36039070, 36045731, 36044752, 36044425, 36030334]
['greenzone', '11:20', '11:30']
['camera', '11:20', '11:30', 36045979, 36042143, 36042789, 36045970, 36045887, 35399253, 36045771, 36045547]
['cartoon', '11:20', '11:30', 36045968, 36045006, 36045991, 36045933, 36040037, 36044471, 36045898]
['gallery', '11:20', '11:30']
['klaibann', '11:20', '11:30', 36045628, 36044810, 36045980, 36045940, 36045882]
['jatujak', '11:20', '11:30', 36045311, 36045333, 36043477, 36042729, 36045853, 36045656]
['chalermkrung', '11:20', '11:30', 36045849, 36045994, 36044968, 36045978, 36045777, 36037759, 36045518, 36045730, 36044393]
['chalermthai', '11:20', '11:30', 36045933, 36045229, 36045881, 36044995, 36044398, 36041666, 36045898]
['family', '11:20', '11:30', 36041432, 36043740, 36043680, 36044080, 36045830, 36040037, 36045671, 36039913, 36045018, 36044102, 36041628]
['home', '11:20', '11:30', 33149206, 36041839, 36045990, 36045139, 36042512, 36041268, 36044990]
['siliconvalley', '11:20', '11:30', 36045849, 36042056, 36043845, 36045977, 36045812, 36045958, 36044874, 36045991, 36045936, 36045981, 36045766, 36045848, 36022017, 36045522, 36045875, 36045704, 36000787]
['beauty', '11:20', '11:30', 36026379, 36038401, 36045222, 32180510, 36042729, 36045831, 36042519, 36044930, 34200966, 36043897, 36044008, 36005882]
['writer', '11:20', '11:30', 36043882, 36045319]
['blueplanet', '11:20', '11:30', 36045996, 36044637, 35369391, 36045993, 36044810, 36045987, 36042777, 36045830, 36045980, 30428539, 36045946, 30459121, 36038171, 36045882, 36035129, 36045966]
['tvshow', '11:20', '11:30', 36044689, 35967733, 36045842, 36041851, 35989216, 36044812, 36045881, 36045188, 36044936, 36045777, 36043632, 36044514, 36045725, 36035152, 36044923, 36045193, 36044393, 36044858]
['bangrak', '11:20', '11:30', 36041432, 36045971, 36045559, 36045332, 36045521, 36043740, 36045339, 35949393, 36043942, 36045353, 36042513, 36045477, 36045354, 35621384, 36045599, 36045851, 36045565, 36045797, 36045459, 36045449, 36045478, 36045134, 36045671, 36039592, 36045940, 36045816, 36044920, 36022965, 36045491, 36045912, 36044582, 35695786, 36045485, 35301559, 36044931]
['horoscope', '11:20', '11:30', 36043680, 36043312, 36044224, 36044008]
['pantip', '11:20', '11:30', 36044968, 30345213, 36005882]
['region', '11:20', '11:30', 36043950, 36045552, 32180510, 36045946, 36038171, 36044349, 36045656]
['mbk', '11:20', '11:30', 36026217, 36045995, 34989088, 36044987, 36044552, 36045936, 36044501, 36045985, 36045983, 36044414, 30345213, 36045926, 34718749, 36045935, 36041894, 30459121, 36042724, 36045616, 36044850, 36045522, 36045824, 36045821, 36045615]
['all', '11:20', '11:30', 36041432, 36045849, 36045968, 36044548, 36026217, 36044637, 36045996, 36045628, 36044689, 36045995, 36043673, 36042056, 36045943, 36045311, 36043177, 35369391, 36045959, 36045967, 36043845, 36045971, 36045006, 36041963, 36040998, 36040502, 36045994, 33149206, 36045979, 36045953, 36045885, 36045977, 36041830, 36044968, 36045348, 36045812, 36043950, 36045734, 36045745, 34989088, 36041839, 36045559, 36045993, 36026379, 36045475, 13092494, 36044987, 36044419, 36045863, 36045332, 36045521, 36045759, 36043740, 36045958, 36045339, 36043477, 36045603, 35949393, 36045846, 36045552, 36039529, 36044874, 36042143, 36043942, 36045978, 36045992, 36045353, 36042513, 36045991, 36043680, 36045781, 36043882, 36045477, 36045933, 36045990, 36045229, 36044552, 36045698, 36043260, 36029350, 36045989, 36040236, 36045988, 36044685, 36038401, 36044810, 35967733, 36045354, 36044795, 36045987, 36045842, 36045139, 36045856, 36045222, 36045713, 36039070, 36042512, 36044080, 36042777, 36045517, 36027000, 36045731, 35621384, 36045936, 36045599, 36044752, 36045531, 36045986, 36044501, 36041851, 36045830, 36040037, 36045851, 36045371, 35989216, 36045985, 36044616, 36045253, 36042789, 36045565, 36045600, 32180510, 36045797, 36045984, 36041268, 36045983, 36045982, 36045981, 36044812, 36045459, 36045881, 36041750, 36044414, 36045449, 36043027, 36045702, 36045980, 36045766, 36042814, 36045887, 36045970, 35399253, 36044990, 36045848, 36045911, 36042729, 30345213, 36045974, 36045926, 36045478, 36045496, 30428539, 36045134, 35898343, 36045671, 36045188, 36044936, 36043312, 36045831, 36045976, 34718749, 36045935, 36045920, 36039592, 36045946, 36041894, 36045621, 36045777, 36045940, 36042030, 36045975, 36045853, 36039913, 36045758, 36045910, 36045778, 36045771, 30459121, 36045018, 36038171, 36045816, 36022017, 36043632, 36044995, 36042469, 36042519, 36042724, 36045616, 35782607, 36044276, 36044398, 36044920, 36044722, 36043008, 36045547, 36045530, 36022965, 36044349, 36044224, 36044425, 36044850, 36045545, 36045868, 36045972, 36044514, 36045725, 36044930, 36045491, 36045912, 36045522, 34200966, 36044471, 36045773, 36045866, 36045824, 36041666, 36045964, 36045875, 36044582, 36045882, 35695786, 36043897, 36044635, 36045319, 36041746, 36045821, 36037759, 36035152, 36044102, 36045485, 36045704, 36045969, 36045254, 35301559, 36045898, 36043611, 36045615, 36029437, 36044923, 36045656, 36044008, 36005882, 36041628, 36045518, 36030334, 36045730, 36045193, 36029565, 36000787, 36044931, 36044187, 36035129, 36044393, 36045966, 36044858]
['ratchada', '11:20', '11:30', 36041963, 36040998, 36041830, 36043950, 36045993, 36045603, 36045988, 36042777, 36027000, 36045253, 36042814, 36044936, 36045920, 36045946, 36042469, 36042724, 36044722, 36043008, 36044349, 36045254, 36045966]
['rajdumnern', '11:20', '11:30', 36045698, 36043260, 36045911]
['isolate', '11:20', '11:30', 36043177, 13092494, 36045989, 35898343, 36045972, 36045866, 36045969, 36044187]
['social', '11:20', '11:30', 36026217, 36045967, 36045885, 36043950, 36045745, 36043740, 36043942, 36042513, 36043882, 36044552, 36029350, 36044685, 36045713, 36039070, 36044080, 36045531, 36043027, 36042814, 36045848, 36045976, 36045758, 36045773, 36045824, 35695786, 36044008, 36045518, 36000787]
['religious', '11:20', '11:30', 36045885, 36043477, 36040236, 36045531, 36045496, 36044276, 36029565]
['supachalasai', '11:20', '11:30', 36045943, 36045953, 36044419, 36045759, 36045846, 36039529, 36045988, 36044795, 36045842, 36045702, 36045831, 36045621, 36045530, 36045773]
['siam', '11:20', '11:30', 36043673, 35949393, 36043942, 36042513, 35621384, 36045531, 36045986, 36045371, 32180510, 36045984, 36041750, 36045449, 36042030, 36045975, 35782607, 36044920, 36044425, 36045912, 35695786, 36044102, 36029437, 36044008]
['lumpini', '11:20', '11:30', 36045971, 36043882, 36044795, 36045976, 36045831, 36045758, 36042519, 35782607, 36043897, 36041628]
['sinthorn', '11:20', '11:30', 36045967, 36045348, 36045734, 36045475, 36045863, 36045781, 36043260, 36040236, 36045856, 36045713, 36045517, 36027000, 36045731, 36045600, 36041268, 36045982, 34718749, 36045758, 36045910, 36045778, 36045868, 36045773, 36045964, 36045821, 36043611]
['silom', '11:20', '11:30', 36045849, 36044548, 36045628, 36040502, 36045992, 36040236, 36044685, 36039070, 36044080, 36045731, 36045981, 36045974, 36045773, 36045518]
['wahkor', '11:20', '11:30', 36043950, 36045552, 36045698, 36039070, 36042512, 36044616, 36045976, 36045545, 36041746]
['library', '11:20', '11:30', 36043673, 36045552, 36043882, 36044635]
['art', '11:20', '11:30']
