['food', '10:10', '10:20', 36045757, 36045155, 36045649, 36038937, 36045731, 36044752]
['greenzone', '10:10', '10:20', 36045426, 36045385]
['camera', '10:10', '10:20', 36042071]
['cartoon', '10:10', '10:20', 36044390, 36037072, 33768922, 36044906]
['gallery', '10:10', '10:20', 36042071, 36045182]
['klaibann', '10:10', '10:20', 36040051, 36045469, 36041796, 36044810]
['jatujak', '10:10', '10:20', 36045754, 36044605, 36044967, 36042555]
['chalermkrung', '10:10', '10:20', 36044657, 36044658, 36045688, 36043797, 36029291, 36043644, 36041671, 36045658, 36045220, 36044610, 36045732, 36045730, 36045638]
['chalermthai', '10:10', '10:20', 36044390, 36044658, 36029291, 36041666, 36045229, 36044541, 36039143, 36044906, 36044398, 36044561]
['family', '10:10', '10:20', 36045018, 36045485, 36040051, 36045755, 36044038, 35749558, 36041796, 36042105, 36042436, 36045729, 36045671]
['home', '10:10', '10:20', 36042698, 36045737, 36043464, 36045690, 36041537, 36043601]
['siliconvalley', '10:10', '10:20', 36045711, 36045042, 36037876, 36043086, 36045749, 36044545, 36045705, 36045720, 36043133, 36045742, 36043463, 36036634]
['beauty', '10:10', '10:20', 36044151, 36044008, 36038764, 36045222, 36042375, 36045755, 33969640, 36044121, 36039249, 36045296, 35238510, 36045735, 36041866, 36027081, 36045727, 36045724]
['writer', '10:10', '10:20', 36044670, 36043864]
['blueplanet', '10:10', '10:20', 36043269, 36045101, 36045700, 36045479, 36042737, 36045614, 36044136, 35749558, 36045019, 36045182, 36044810, 36045334, 36045729, 36045726]
['tvshow', '10:10', '10:20', 36045712, 36044727, 36038400, 36045217, 36034733, 36043341, 36045725, 36044739, 36044965, 36044320, 36044936, 36038302, 36045306, 36045321, 36044923, 36045745, 36044812, 36041671, 36043090, 36045658, 36044057, 36044829, 36045220, 36044610, 35996142, 36045728, 36044561]
['bangrak', '10:10', '10:20', 36045748, 36045485, 36045756, 36045662, 33969640, 36043537, 36044038, 36045668, 36043957, 36041796, 35774000, 36045393, 36045696, 36045481, 36044920, 36045315, 36042694, 36045671]
['horoscope', '10:10', '10:20', 36044008]
['pantip', '10:10', '10:20']
['region', '10:10', '10:20', 36042446, 36043269, 36045479, 36045042, 35749558, 36045624, 36045729]
['mbk', '10:10', '10:20', 36045648, 32120653, 36045691, 36045747, 36043698, 36043086, 36045739, 35975475, 36045680, 36044545, 36045705, 36045720, 36045733]
['all', '10:10', '10:20', 36045748, 36043725, 36045750, 36043027, 36045759, 36045018, 36045717, 35205395, 36045758, 36045348, 36043676, 36045712, 36045546, 36045001, 36040639, 36045648, 36044966, 36045639, 36045485, 36044657, 36044727, 36038400, 36045757, 36045155, 36035495, 36044151, 36042446, 36044390, 36040502, 36044745, 36045545, 36045217, 36043269, 36026468, 32120653, 36045148, 36040051, 36045101, 36045008, 36045691, 36045700, 36044658, 36045649, 36044008, 36038937, 36038764, 36034733, 36045688, 36045734, 36045222, 36044670, 36045756, 36045479, 36041983, 36045397, 36043797, 36045711, 36045042, 36029291, 36041052, 36045747, 36044517, 36043698, 36042375, 36045755, 36045492, 36045646, 36045426, 36045427, 36018200, 36044605, 36037876, 36045402, 36043644, 36043341, 36041666, 36009886, 36043086, 36042698, 36043177, 36045725, 36044967, 36045229, 36044559, 36044764, 36044541, 36045702, 36042737, 36044965, 36044739, 35778235, 36044320, 36045621, 36045739, 36044936, 36045662, 35975475, 36045752, 36038302, 36039143, 36045416, 36045285, 36045381, 36045306, 36042477, 36045751, 36042837, 36045614, 36045737, 36045434, 35991017, 36045680, 36043464, 36045741, 36045517, 33969640, 36044121, 36045749, 36039249, 36043537, 36045458, 36044038, 36045321, 36037072, 36044797, 36044879, 36044545, 36045746, 36045296, 36044923, 36042574, 36044136, 36045668, 36045461, 36045745, 36045469, 35749558, 36045355, 36045705, 36045744, 36034541, 36044812, 36045538, 36045189, 36035190, 36045690, 36041671, 36045460, 36041537, 36045282, 33768922, 36043957, 36043465, 36043090, 36045650, 36045658, 36045720, 36045743, 36045019, 36042071, 36044057, 36041796, 32082445, 36043343, 36043864, 36043810, 36045182, 36042555, 35774000, 36044829, 36043133, 36042105, 36045742, 36044696, 36045624, 36045740, 36043601, 36045463, 36045393, 36044906, 36039867, 36044398, 36045696, 36043697, 36045736, 35238510, 36044810, 36045442, 36042165, 36045735, 36045481, 36045220, 36044958, 36042436, 36045733, 36045672, 36044610, 36044920, 36045732, 31173440, 36041866, 36045315, 36043463, 36036653, 36045731, 36045385, 36027081, 36045334, 35996142, 36045730, 36045729, 36045563, 36042694, 36045671, 36045728, 36045498, 36044561, 36045530, 36045288, 36045634, 36045638, 36041746, 36045600, 36045727, 36045726, 36035626, 36036634, 36044752, 36040236, 36045724]
['ratchada', '10:10', '10:20', 36045717, 36040639, 36044966, 36035495, 36045008, 36018200, 36044764, 36044559, 36044936, 36045285, 36042837, 36045458, 36044038, 36044136, 36035190, 36045624, 36045463, 36045442, 36036653, 36045288]
['rajdumnern', '10:10', '10:20', 36045492, 36045746, 36045461, 36045745]
['isolate', '10:10', '10:20', 36045397, 36045427, 36009886, 36043177, 36044696]
['social', '10:10', '10:20', 36043027, 36045758, 36040639, 32120653, 36045148, 36040051, 36045691, 36044008, 36042837, 36043464, 36044121, 36045746, 36045745, 36045705, 36043957, 36045720, 36041796, 36039867, 36045736, 36044958, 36041866, 36043463, 36036653, 36045385, 36045671, 36036634, 36044752]
['religious', '10:10', '10:20', 36042477, 36039867, 36040236]
['supachalasai', '10:10', '10:20', 36043725, 36045759, 36038764, 36045646, 36045702, 36045621, 36043465, 36045650, 36045563, 36045530]
['siam', '10:10', '10:20', 36045485, 36044151, 36045148, 36044008, 36045756, 35778235, 36045751, 36045434, 35991017, 33969640, 36044879, 36045668, 36045469, 36045355, 36045538, 36043957, 36043343, 36045696, 36042165, 36044920, 31173440]
['lumpini', '10:10', '10:20', 36045758, 36038764, 36045416, 36045434, 36044121, 36039249, 36045189, 36039867, 36043697, 35238510, 36041866, 36045385, 36045671]
['sinthorn', '10:10', '10:20', 36045750, 36045758, 36045348, 36043676, 36045546, 36045001, 36045639, 32120653, 36045700, 36045734, 36043797, 36045752, 36045381, 36045741, 36045517, 36045538, 36045460, 36045282, 36043810, 36044958, 36045672, 36045731, 36045498, 36045634, 36045600, 36040236]
['silom', '10:10', '10:20', 36045001, 36044151, 36040502, 36044745, 36045711, 36041052, 36044517, 36044797, 36045355, 36045744, 36045538, 36041796, 32082445, 36042105, 36045740, 36044958, 36045731, 36045634, 36040236]
['wahkor', '10:10', '10:20', 36045545, 36044745, 36026468, 36041983, 36045426, 36045402, 36044121, 36037072, 36042574, 36034541, 36043343, 36045385, 36041746]
['library', '10:10', '10:20', 35205395, 36026468, 36044670, 36044517, 36045402, 35778235, 36042477, 36045469, 36034541, 36045743, 36043343, 36042165, 36035626]
['art', '10:10', '10:20', 35991017]
