['food', '07:30', '07:40', 36044581, 36043933, 36044149, 36047792, 36046829, 33349363]
['greenzone', '07:30', '07:40']
['camera', '07:30', '07:40', 36048704, 36047095, 36047889, 36047347]
['cartoon', '07:30', '07:40']
['gallery', '07:30', '07:40']
['klaibann', '07:30', '07:40', 36047252, 36048565, 36045940, 36048721, 36046829]
['jatujak', '07:30', '07:40', 36048681]
['chalermkrung', '07:30', '07:40', 36047991, 36048080]
['chalermthai', '07:30', '07:40', 36048744, 36048756]
['family', '07:30', '07:40', 36048556, 36045018, 36044080, 36044038, 36048758, 36041608, 36044943]
['home', '07:30', '07:40', 36044185, 36048763, 36048690, 36042698]
['siliconvalley', '07:30', '07:40', 36048747, 36048765, 36048762, 36047051, 36048757, 36048754, 36048585, 36048753, 36048190]
['beauty', '07:30', '07:40', 36048704, 36045222, 36048758, 36048687, 36047333]
['writer', '07:30', '07:40', 36048468]
['blueplanet', '07:30', '07:40', 36048405, 36045700, 36048304, 36047833, 36043803, 36045506]
['tvshow', '07:30', '07:40', 36048347, 35967733, 36041851, 36048736, 36048465]
['bangrak', '07:30', '07:40', 36048265, 36043107, 36048565, 36044038, 36045940, 36041608, 36047898, 36045459, 36048647, 36044792, 36047620]
['horoscope', '07:30', '07:40', 36047639, 36048670, 36046199]
['pantip', '07:30', '07:40', 36048743]
['region', '07:30', '07:40']
['mbk', '07:30', '07:40', 36048747, 36048765, 36048751, 36045926, 36048755, 36048547, 36048355]
['all', '07:30', '07:40', 36048347, 36048694, 36044581, 36048265, 36044185, 36048761, 36037583, 36047784, 36047671, 36048405, 36048184, 36048704, 36048747, 36048556, 36045700, 36045305, 36048765, 36043933, 36048085, 36045789, 36047095, 36047252, 36048764, 36048681, 36048763, 36048751, 36047889, 36048690, 36045926, 36048304, 36048755, 36043107, 36045222, 36048741, 36047833, 36048547, 36047347, 36045600, 36044121, 31770672, 36048744, 36048762, 36042698, 36044149, 36048699, 36048571, 35967733, 36048565, 36047441, 36047639, 36048734, 36048760, 36048079, 36048743, 36045018, 36044080, 36044038, 31771257, 36048670, 36045940, 36047051, 36048759, 36041851, 36048758, 36048012, 36048687, 36048607, 36048468, 36048757, 36043803, 36048756, 36048241, 36041608, 36046812, 36048691, 36045259, 36048087, 36048650, 36048754, 36045506, 36048585, 32684440, 36046199, 36047724, 36048653, 36048753, 36044943, 36047792, 32348960, 36044745, 36048545, 36047685, 36047898, 36048662, 36048355, 36045459, 36048721, 36048722, 36048736, 36048647, 36046829, 36048723, 36048707, 36047991, 36044792, 36048049, 36047333, 36048465, 36048190, 36047620, 36048644, 33349363, 36048080]
['ratchada', '07:30', '07:40', 36048556, 36047833, 36044038, 36046812, 32348960, 36048545, 36048722]
['rajdumnern', '07:30', '07:40', 36037583, 36047671, 36047441, 36048012, 36048087]
['isolate', '07:30', '07:40', 31770672, 36048079, 36048759, 36048241, 36045259]
['social', '07:30', '07:40', 36045700, 36048571, 36048743, 36048691, 36045506, 36047333]
['religious', '07:30', '07:40', 36045789]
['supachalasai', '07:30', '07:40', 36048184, 36048556, 36048741, 36048607, 36048650, 36048653, 36048662, 36048465, 36048644]
['siam', '07:30', '07:40', 36048265, 36047784, 36048704, 36043107, 36048571, 36048734, 36041608, 36048691, 32684440, 36047898, 36048647, 36044792, 36047620]
['lumpini', '07:30', '07:40', 36044581, 36048704, 36047252, 36044121, 36048758, 36048687, 36047724, 36046829, 36048049]
['sinthorn', '07:30', '07:40', 36048694, 36048761, 36048085, 36048764, 36045600, 36048699, 36047685, 36048355, 36048723, 36048707]
['silom', '07:30', '07:40', 36045506, 36044745, 36048721]
['wahkor', '07:30', '07:40', 36045305, 36047252, 36048760, 36044745]
['library', '07:30', '07:40', 36045305, 36048565, 36048760, 31771257, 36048468]
['art', '07:30', '07:40']
