['food', '14:30', '14:40', 36046455, 36015372, 36040006, 36044819, 36029950, 36045710, 36045451, 36038937, 36046033, 36044158, 36045963, 36045731]
['greenzone', '14:30', '14:40', 36046517]
['camera', '14:30', '14:40', 36046448, 36045536, 36046447, 36046500, 36044979, 35382635]
['cartoon', '14:30', '14:40', 36044906, 36045208, 36046099, 36036929, 36043597, 36042483, 36044481]
['gallery', '14:30', '14:40']
['klaibann', '14:30', '14:40', 36046315, 36041796, 36040051, 36037113, 36046386, 36045014, 36046033, 36043789, 36046202]
['jatujak', '14:30', '14:40', 36045333, 36046512, 36045311, 36039896, 36046488]
['chalermkrung', '14:30', '14:40', 36044892, 36015372, 36045143, 36046515, 36046312, 36046410, 36029291, 36044657, 36045051, 36046071]
['chalermthai', '14:30', '14:40', 36015372, 36046193, 36029291, 36044398, 36044508, 36044906, 36045208, 36044658, 36043772, 36043935, 36044335, 36044561, 36044799]
['family', '14:30', '14:40', 36045018, 36015372, 36041796, 36040051, 36044080, 36046072, 36046237, 36046189, 36046245, 36041432, 36045597, 36014752, 36046033, 36043367, 36045810, 36046177, 36045782, 36046460]
['home', '14:30', '14:40', 36038754, 36046201, 36044405, 36045597, 36045901, 36043641, 36030102, 36042698, 36046469, 36046373, 36046032]
['siliconvalley', '14:30', '14:40', 36046398, 36043614, 36044405, 36046233, 36046441, 36046292, 36046507, 36036634, 36046447, 36045405, 36046433, 36046495, 36046491, 36042483]
['beauty', '14:30', '14:40', 36046520, 36044457, 36044151, 36041866, 36046176, 36042817, 36046319, 36046189, 36045016, 36045831, 36046505, 36046242, 36045073, 36046494, 36041500, 36045222]
['writer', '14:30', '14:40', 36046084, 36046496, 36046226]
['blueplanet', '14:30', '14:40', 36046315, 36036157, 36046455, 35993825, 36046397, 36046072, 35429012, 36046422, 36045710, 36037113, 36043803, 36029014, 36032490, 36046508, 36046417, 36046506, 36046386, 36046395, 36045014, 36039189, 36045587, 36045801, 36046431, 36044799]
['tvshow', '14:30', '14:40', 36044169, 36040354, 36015372, 36046238, 36042817, 36045044, 36043871, 36041277, 36045873, 36046405, 36046219, 36043935, 36039189, 36044066, 36045881, 36046494, 36043646, 36046354, 36044659, 36040992, 36046362]
['bangrak', '14:30', '14:40', 36046474, 36046428, 36046188, 36041796, 36046516, 36046198, 36046478, 36046511, 36029950, 36046348, 36046245, 36041432, 36046277, 36045761, 36044364, 36043107, 36045797, 36046133, 36046058, 36045867, 36046406, 36046035, 36045912, 36046490, 36045918, 36046177, 36046339, 36046460, 34370563, 36046027]
['horoscope', '14:30', '14:40', 36046133, 36046413, 36046341, 36046355]
['pantip', '14:30', '14:40', 36046405, 31150904]
['region', '14:30', '14:40', 36046455, 36046195, 36029950, 36045864, 36045552, 36043641, 36044364, 36045618, 34370563]
['mbk', '14:30', '14:40', 36046519, 36046464, 36044414, 36046514, 36046434, 36046470, 36046493, 36046442, 36046291, 36046461, 36045821, 36046274]
['all', '14:30', '14:40', 36045348, 36046498, 36046315, 36046474, 36046448, 36044169, 36045879, 36040354, 36045018, 36036157, 36046317, 36045736, 36046428, 36044892, 36046455, 36042129, 36046520, 36046519, 36046398, 36046188, 36046464, 36044457, 36045536, 36045913, 36044151, 35993825, 36046397, 36044548, 36046195, 36015372, 36041796, 36045434, 36045943, 36037653, 36041866, 36040051, 36045143, 36046518, 36046517, 36025255, 36046083, 36040006, 36046516, 36044080, 36046198, 36046238, 33133965, 36043614, 36046072, 36045885, 36046176, 36040627, 36044819, 36042817, 35429012, 36045333, 36046237, 36046515, 36045911, 36038754, 36044414, 36046478, 36046151, 36046201, 36046466, 36045044, 36046422, 36046513, 36046514, 36043871, 36041277, 36046512, 36044405, 36046233, 36046511, 36029950, 36046434, 36046470, 36042773, 36041830, 36044565, 36045710, 36045591, 36046348, 36046319, 36046510, 36046193, 36045545, 36042690, 36037113, 36041592, 36046480, 36045600, 36046312, 36043840, 36046109, 36046476, 36046189, 36046245, 36043803, 36046410, 36041432, 36046441, 36045451, 36045597, 36046246, 36029014, 36045864, 36032490, 36045901, 36046493, 36046082, 36029291, 36046508, 36046040, 36045552, 36046263, 36046292, 36045873, 36046417, 36046084, 36046507, 36046442, 36046277, 36044398, 36045016, 36041356, 36045831, 36046506, 36045544, 36046386, 36046278, 36046505, 36044508, 36044657, 36046504, 36046405, 31764417, 36044906, 36046429, 36036634, 36045208, 36045761, 36043641, 36046503, 36039169, 36044364, 36046291, 36046395, 36043107, 32438627, 36046501, 36030102, 36045797, 36014752, 36038937, 36042698, 36044283, 36045014, 36046242, 36046502, 36044972, 36046366, 36045219, 36046133, 36046469, 36046499, 33407754, 36046461, 36046447, 36045758, 36045405, 36046033, 36044658, 36044158, 36043536, 36043329, 36043156, 36046302, 36045530, 36046058, 36045963, 36045073, 36046413, 36045821, 36046420, 36037858, 36046111, 36040502, 36046433, 36043789, 36046021, 36043772, 36046259, 36017262, 36045731, 36045909, 36045867, 36043367, 36046219, 36041307, 36046484, 36043935, 36046214, 36046500, 36039189, 36045618, 36044066, 36045715, 36046190, 36046406, 36045810, 36015768, 36039896, 36046497, 36045502, 36045881, 36044979, 36046035, 36046496, 36046495, 30089110, 36044335, 36046494, 36045912, 36046226, 36046492, 36041500, 36043646, 36046477, 36021843, 36046099, 32935182, 36046354, 36036929, 36045051, 36046274, 36046475, 36043597, 36045587, 36046491, 36044659, 36046490, 36045918, 36030247, 36046177, 36045222, 36046456, 36042483, 36045782, 31150904, 33345633, 36040992, 36046341, 36046071, 36046489, 36046373, 36046339, 36046032, 36046460, 36044481, 34370563, 35382635, 36046362, 36046027, 36046355, 36045801, 36042459, 36046458, 36044561, 36046488, 36046408, 36045759, 36046202, 36044735, 30043653, 36046431, 36046487, 36046404, 36046364, 36043966, 36046367, 36044799, 36045746]
['ratchada', '14:30', '14:40', 35993825, 36041830, 36046417, 36046302, 36037858, 36046111, 36045715, 36045502, 36046431, 36043966]
['rajdumnern', '14:30', '14:40', 36045911, 36046408, 36045746]
['isolate', '14:30', '14:40', 36046498, 36046510, 36046501, 36043536, 36041307, 36015768, 36021843, 36030247]
['social', '14:30', '14:40', 36046448, 36045736, 36041796, 36040051, 36041866, 36044080, 33133965, 36045885, 35429012, 36038754, 36046478, 36046151, 36046201, 36046386, 36036634, 36014752, 36045758, 36043329, 36045963, 36043367, 36039189, 36046177, 36046456, 36046339, 36044735, 36046487, 36046364]
['religious', '14:30', '14:40', 36046083, 36045885, 36046040, 36044283, 36043156, 36042459]
['supachalasai', '14:30', '14:40', 36045913, 36045943, 36046466, 36044565, 36046109, 36046476, 36045544, 36044972, 36046366, 36045530, 36046420, 36037858, 36045909, 36046475, 36045759, 36046404, 36046367]
['siam', '14:30', '14:40', 36046474, 36046195, 36025255, 36040627, 36046478, 36046233, 36045591, 36046348, 36041592, 36045451, 36045544, 36046278, 36039169, 36046058, 36045618, 36046406, 36046497, 36045912, 36046492, 33345633, 36046341, 36046355, 36044735]
['lumpini', '14:30', '14:40', 36046317, 36046520, 36045434, 36041866, 36040627, 36046478, 36046319, 36043840, 36045831, 31764417, 36046429, 36046503, 32438627, 36046242, 36045219, 33407754, 36045758, 36046033, 36045073, 36043367, 36046190, 36045810, 30089110, 36045782, 30043653, 36046367]
['sinthorn', '14:30', '14:40', 36045348, 36046315, 36046448, 36045879, 36046317, 36046517, 36046514, 36046513, 36042773, 36046480, 36045600, 36046246, 36046082, 36046263, 36041356, 36046504, 36046499, 36045758, 36045821, 36046021, 36046259, 36045731, 36046484, 36046477, 36046456, 36046489]
['silom', '14:30', '14:40', 36046317, 36042129, 36044548, 36041796, 36037653, 36044080, 33133965, 35429012, 36042690, 36041592, 36045451, 36045597, 36041356, 36046502, 36040502, 36017262, 36045731, 36039189, 36046190, 36046494, 33345633, 36046458]
['wahkor', '14:30', '14:40', 36045545, 36046441, 36045552, 36046214, 36045715, 32935182]
['library', '14:30', '14:40', 36015372, 36046518, 36040627, 36045552, 36046084, 36043789, 36045618, 36046497, 36046226]
['art', '14:30', '14:40', 36046395]
