['food', '20:00', '20:10', 36047253, 36030737, 36047094, 36044137, 36047098, 36046607]
['greenzone', '20:00', '20:10', 36045593, 36045751]
['camera', '20:00', '20:10', 36047500, 36045412, 36047212]
['cartoon', '20:00', '20:10', 36046588, 36046047, 36047519, 36047261, 36046847, 36047527]
['gallery', '20:00', '20:10', 36046679]
['klaibann', '20:00', '20:10', 36045823, 36047000, 36047252, 36047568, 36044325, 36047415]
['jatujak', '20:00', '20:10', 36046968, 36047339, 36046999, 36045333, 36045930, 36047494, 36047520, 36045580, 36045853, 36045751]
['chalermkrung', '20:00', '20:10', 36047515, 36047569, 36047561, 36047525, 36047167, 36047337, 36047502, 36047242, 36047557, 36047440, 36046853, 36046756, 36044892, 36047548, 36047511]
['chalermthai', '20:00', '20:10', 36046672, 36047567, 36047412, 36037503]
['family', '20:00', '20:10', 36046189, 36042787, 36041608, 36044038, 36044943, 36046177, 36045018, 36047217, 36046607, 36044080, 36046817, 32675756, 36047401, 36047346, 36047549, 31107305]
['home', '20:00', '20:10', 36047566, 36046032, 36047568, 36045930, 36045901, 32675756, 36045597, 36047463, 36041839]
['siliconvalley', '20:00', '20:10', 33866728, 36047580, 36044883, 36047261, 36034020, 36016957, 36033770, 36047559, 36045412, 36047451, 36047302, 36047427, 36047550, 36047551, 36047230, 36047391, 36044868, 36047352, 36047325, 36045337, 36047510]
['beauty', '20:00', '20:10', 36026379, 36041163, 36044664, 36047488, 36047571, 36044151, 36047217, 36033870, 36047127, 36047549, 36047370]
['writer', '20:00', '20:10', 36045604, 36045647]
['blueplanet', '20:00', '20:10', 36047584, 36043310, 36046755, 35959179, 36046679, 36046108, 36047000, 36047072, 36047460, 36047327, 36046894, 36047520, 36044818]
['tvshow', '20:00', '20:10', 36047447, 36045725, 36047435, 36046362, 36046672, 36047433, 36046953, 36045872, 36046533, 36047213, 36047573, 36047572, 36046219, 36046770, 36047560, 36047444, 36043731, 36046853, 36044505, 36035260, 36046756, 36046101, 36047399, 36029857, 36047524]
['bangrak', '20:00', '20:10', 36047582, 35481056, 36047581, 36041608, 36047576, 36047575, 36042940, 36043107, 36044038, 36046968, 36047430, 36004797, 36047526, 35962029, 36046177, 35908024, 36011212, 36047001, 35754226, 36047555, 36044847, 36046383, 36047553, 36047485, 36043942, 35971350, 36047454, 36045459, 36047410, 36047401, 36047064, 36047415, 36047546]
['horoscope', '20:00', '20:10', 36047583, 36047196, 36047516, 36024697, 36047364, 36046891, 36039837, 36047558, 36036872]
['pantip', '20:00', '20:10', 36047429, 36047559]
['region', '20:00', '20:10', 36044851, 36047460, 36047327, 36047408]
['mbk', '20:00', '20:10', 36047585, 36046789, 36047272, 36047580, 36047426, 36047517, 36047183, 33146303, 36047371, 36045655, 36046153, 36046892, 36047031, 36047373, 36047513, 36047179, 36047532, 36047307, 36047230, 36047452]
['all', '20:00', '20:10', 36044283, 33866728, 36047585, 36047201, 36047584, 36047515, 36047291, 36047569, 36046189, 36043310, 36045604, 36047583, 36042787, 36047582, 36047196, 35481056, 36047581, 36046789, 36047516, 36047272, 36047445, 36047580, 36043902, 36047579, 36047578, 36026379, 36041163, 36041608, 36024697, 36047441, 36047447, 36047044, 36047378, 36047253, 36047561, 36047577, 36043623, 36045725, 36047426, 36047435, 36046755, 36030737, 36047172, 36047312, 35313354, 35959179, 36046362, 36046672, 36047364, 36041216, 36047500, 36047576, 36047566, 36047525, 35779454, 36047575, 36044851, 36047167, 36047313, 36042940, 36046679, 36047433, 36046953, 36047429, 36043107, 36045872, 36047180, 36044038, 36046108, 36047337, 36046032, 36047547, 36047517, 36047183, 36046533, 36047213, 36047564, 36046968, 36045758, 36047574, 36045823, 36047000, 36047339, 36047430, 36047104, 36044664, 36004797, 36047072, 36047573, 36047488, 36047526, 36047571, 36047572, 36044151, 33146303, 36047570, 36046588, 36010312, 36047371, 36046047, 36046219, 36047252, 36044943, 35962029, 36046994, 36047519, 36045655, 36046788, 36047083, 36047568, 36044883, 36046177, 36045018, 36047567, 36046786, 36047261, 35908024, 36046153, 36034020, 36047094, 36046999, 36016957, 36046062, 36047460, 36011212, 36047565, 36034676, 36047238, 36047327, 36046892, 36047278, 36047285, 36042377, 36047420, 36047031, 36044137, 36046014, 36033770, 36047523, 36047563, 36047367, 36047487, 36042954, 36047502, 36046847, 36047217, 36047242, 36046459, 36047562, 36047008, 36045593, 36047001, 36047412, 36047304, 36046770, 36046811, 36047142, 36045305, 36047560, 36046891, 36046633, 36047559, 36047098, 36045412, 35754226, 36046048, 36047558, 36039837, 36045531, 36047557, 31172188, 36044966, 36045333, 36047451, 36047408, 36035073, 36046092, 36047556, 36038976, 36047486, 36037503, 36047555, 36047302, 36047373, 36047444, 36044847, 36044468, 36044077, 36045930, 36045348, 36047513, 36047223, 36047554, 36047522, 36046383, 36047494, 36047553, 36047485, 36047212, 36047496, 36046894, 36047540, 36047179, 36046466, 36046933, 33520090, 36043731, 36047459, 36047342, 36043942, 36047532, 36047497, 36046839, 35971350, 36047427, 36047552, 36046486, 36047520, 36045901, 36047440, 36033870, 36047454, 36044325, 36045647, 36047307, 36045459, 36047550, 36043810, 36046607, 36047551, 36044080, 36047410, 36046817, 32675756, 33452745, 36046853, 36047230, 36047501, 36047401, 36044505, 36036872, 36045597, 36046408, 36047463, 36047533, 36047452, 36047527, 36045580, 36035260, 36045442, 36047391, 36044548, 36047416, 36047366, 36045944, 36045853, 36046756, 36047521, 36047064, 36045545, 36044868, 36047343, 36047127, 36044892, 36047346, 36038908, 36046101, 36047470, 36047549, 36047352, 36047421, 36047399, 36047548, 36047415, 36047325, 36041839, 36047370, 31107305, 36029857, 36047511, 36045337, 36045751, 36047510, 36047524, 36044818, 36044432, 36047546, 36047458, 36046273]
['ratchada', '20:00', '20:10', 36047575, 36047180, 36044038, 36046788, 36034676, 36042377, 36044966, 36047556, 36047212, 36046933, 32675756, 36045442, 36047521]
['rajdumnern', '20:00', '20:10', 36047291, 36047441, 36047044, 36047312, 36047420, 36047304, 36047223, 36047496, 36046408, 36047533]
['isolate', '20:00', '20:10', 36047578, 35313354, 36010312, 36047565, 36047563, 36047562, 36047486, 36047554, 36045944]
['social', '20:00', '20:10', 33866728, 36047581, 36046789, 36047445, 36047253, 36043623, 36047426, 36041216, 35779454, 36047575, 36047547, 36045758, 36047104, 36046177, 36046062, 36047238, 36045531, 36047408, 36046894, 36043942, 35971350, 36044325, 36047410, 33452745, 36047366, 36047343, 36047415, 36047370]
['religious', '20:00', '20:10', 36044283, 36046062, 36047008, 36045593, 36046811, 36045531, 36044077]
['supachalasai', '20:00', '20:10', 36047201, 36047378, 36047172, 36047213, 36047564, 36046994, 36034676, 36047278, 36042377, 36046014, 36047367, 36046633, 36035073, 36046092, 36038976, 36047522, 36047540, 36046466, 36038908, 36047458]
['siam', '20:00', '20:10', 36042787, 36047582, 35481056, 36043902, 36041608, 36047577, 36041216, 36047576, 35779454, 36044851, 36043107, 36047430, 36047104, 36004797, 36047526, 36047570, 36047083, 36011212, 36047238, 36047001, 35754226, 36039837, 36045531, 36046383, 36047553, 36047459, 36043942, 35971350, 36047454, 36047410, 36036872, 36047366, 36047416, 36047064, 36047343, 36047470, 36047549, 36047421, 36047415, 36045751, 36047546]
['lumpini', '20:00', '20:10', 36047579, 35779454, 36042940, 36045758, 36047574, 36047488, 36047570, 36047252, 36011212, 36044137, 36047217, 36044468, 36047540, 36047549, 36047370, 31107305]
['sinthorn', '20:00', '20:10', 36047044, 36045758, 36045823, 36047339, 36047083, 36047094, 36047327, 36047285, 36047523, 36047487, 36046459, 36045348, 33520090, 36047342, 36047497, 36046839, 36047552, 36043810, 36047501, 36047421, 36044432]
['silom', '20:00', '20:10', 36045823, 36047568, 36046786, 36047094, 36047420, 31172188, 33452745, 36044548]
['wahkor', '20:00', '20:10', 36047313, 36047252, 36042954, 36047142, 36045305, 36046048, 36047494, 36047497, 36046486, 36045580, 36045545, 36047549, 36047352, 36046273]
['library', '20:00', '20:10', 36042787, 36043902, 36046062, 36047238, 36047412, 36045305, 36037503, 36043731, 36046486, 36047470]
['art', '20:00', '20:10', 36038976]
