['food', '12:30', '12:40', 36043842, 36038937, 36045610, 36046029, 36042886, 36045710, 36045963, 34582539, 36042067, 36046169, 36031927]
['greenzone', '12:30', '12:40']
['camera', '12:30', '12:40', 36045970, 36045412, 36045012, 36045828, 36045547, 36042881, 36046096]
['cartoon', '12:30', '12:40', 36046020, 36046047, 36045991, 36045968]
['gallery', '12:30', '12:40', 36046126, 34386743]
['klaibann', '12:30', '12:40', 31071035, 36025342, 36045882, 36040051, 36043073, 36046097, 36046100]
['jatujak', '12:30', '12:40', 36045930, 36045311, 36045333, 36037931, 35949983, 36014631, 36046167, 36045853]
['chalermkrung', '12:30', '12:40', 36045962, 36046071, 36046181, 36044515, 36044892, 36046168]
['chalermthai', '12:30', '12:40', 36044995, 36041349]
['family', '12:30', '12:40', 36045830, 36046177, 36041432, 36040051, 30049858, 35989222, 36045597, 36046026]
['home', '12:30', '12:40', 36026974, 36035174, 36045901, 36045930, 36046011, 36028879, 36046032, 36046149, 36045497, 36046167, 36042698, 36045597, 31571608, 36045753, 36045897]
['siliconvalley', '12:30', '12:40', 36026974, 36045705, 35808696, 36045412, 36043690, 36046090, 36046116, 36045991, 36045256, 36042049, 36046149, 36046003, 36043557, 36043288, 36042881]
['beauty', '12:30', '12:40', 36041163, 36044151, 31071035, 36046178, 36041921, 36046176, 36042049, 36045157, 35999149, 36045586, 35982616]
['writer', '12:30', '12:40', 36046124, 36042502]
['blueplanet', '12:30', '12:40', 36044637, 36046126, 36045425, 36044818, 36045700, 36044904, 36045830, 36046086, 36045882, 36045710, 36039189, 36043073, 36044867, 36032490, 36038089, 36046166, 36037732, 36044219]
['tvshow', '12:30', '12:40', 36046146, 36043868, 36044592, 36044758, 36039189, 36045044, 36044836, 36046140, 36044936, 36046063, 36046101, 36044923, 36037061, 36046170, 35868872, 36039760, 36044991]
['bangrak', '12:30', '12:40', 36043303, 36044115, 36046179, 36044582, 36045862, 36046177, 36046133, 36041432, 36044292, 36046176, 36046139, 36046174, 36046027, 36043537, 36044787, 35514626, 35695786, 36044792]
['horoscope', '12:30', '12:40', 36042739, 36046133, 36042049]
['pantip', '12:30', '12:40', 35999149]
['region', '12:30', '12:40', 34386743, 36037732, 36046103]
['mbk', '12:30', '12:40', 36040773, 36045705, 36040424, 36046180, 36045655, 36045800, 36045224, 36046090, 36045854, 36046165, 36045890, 36045592, 36042724, 36046172, 36046003, 36045998, 36041864, 35472724, 36032288]
['all', '12:30', '12:40', 36043303, 36045442, 36045646, 36045962, 36044637, 36040773, 36043842, 36045793, 36026974, 36046163, 36046071, 36035174, 36043787, 36046181, 36046146, 36041163, 36045705, 35808696, 36044645, 36046157, 36044115, 36045517, 36046123, 36038937, 35988538, 36046126, 36043799, 36044722, 36043868, 36045970, 36040424, 36045901, 36045412, 36043690, 36043891, 36045930, 36044515, 36045709, 36045425, 36045531, 36045012, 36044818, 30473817, 36045700, 36046020, 31071035, 36045037, 36046164, 36046180, 35984638, 36046179, 36044582, 36045862, 36045698, 35569078, 36045911, 36041495, 36039085, 36045655, 36044904, 36025342, 36045461, 36042739, 36043177, 36045545, 36044592, 36045800, 36046074, 36045636, 36045830, 36044524, 36045224, 36046086, 36046090, 36045610, 36046178, 33667247, 36045828, 36046177, 36040502, 36041921, 36046159, 36046029, 36046047, 36044758, 36042886, 36046011, 36045882, 36045600, 36046133, 36044892, 36045311, 36045333, 31847662, 36046073, 36041432, 36042874, 36045854, 36046135, 36046085, 36040051, 36045877, 36045710, 36045561, 36028879, 36045963, 36044292, 36043032, 36046165, 36045890, 36045943, 36046176, 36039189, 36045067, 36046116, 36045044, 36046139, 35978796, 36046032, 36043073, 36037931, 36044836, 30989943, 36045991, 36045256, 36045530, 36046174, 36043027, 36046025, 36042049, 36046140, 36046062, 36046125, 36045829, 36040771, 36046175, 34582539, 36040639, 36044936, 36046034, 36046173, 31960615, 30049858, 36046171, 36042067, 36046092, 36043757, 33456568, 36045592, 36044313, 36046142, 36044682, 36045453, 36044964, 36044867, 36042814, 36046080, 36045603, 36046111, 36046050, 36042724, 36046172, 36046149, 36037858, 36046124, 35989222, 36042651, 36045305, 36046101, 36046063, 36044923, 35949983, 36037061, 36032490, 36046082, 36046170, 36046027, 36046169, 36043537, 36042502, 36046168, 35868872, 36045157, 36046097, 36045189, 36045497, 36044995, 32840552, 36045795, 36044787, 36046003, 36038089, 36014631, 36045998, 36045371, 36039760, 36046167, 36046166, 36045285, 36045702, 36044991, 36037764, 36045547, 34386743, 36042698, 36045853, 36037732, 36045597, 35514626, 36043557, 36046103, 36031927, 35695786, 36046014, 36043288, 36045944, 36041864, 36043710, 35472724, 36045968, 36045974, 35999149, 36042881, 36046026, 36046100, 36046048, 31571608, 36045753, 36045586, 36041349, 35982616, 36045897, 36045759, 36046129, 36032288, 36045758, 36044792, 36044219, 36046151, 36046096, 36046132]
['ratchada', '12:30', '12:40', 36045442, 36045793, 36043799, 36044722, 36039085, 36046074, 36046086, 36042874, 36043032, 36046175, 36040639, 36044936, 36044313, 36044964, 36042814, 36045603, 36046111, 36042724, 36037858, 36042651, 36045285, 36037732]
['rajdumnern', '12:30', '12:40', 36046157, 36043891, 36046164, 36045698, 36045911, 36045461, 36043757]
['isolate', '12:30', '12:40', 36046123, 35988538, 36043177, 36044524, 36046159, 36046173, 33456568, 36046050, 32840552, 36045944, 36046132]
['social', '12:30', '12:40', 36045705, 36046157, 36045531, 36046180, 36044904, 36046177, 36046029, 36040051, 36045963, 36039189, 36043027, 36046062, 36045829, 36040639, 36046034, 31960615, 36042814, 36046080, 36031927, 35695786, 36041864, 36045897, 36045758, 36046151]
['religious', '12:30', '12:40', 36043787, 36045531, 36046062, 36040771]
['supachalasai', '12:30', '12:40', 36045646, 36046163, 36041495, 31847662, 36045943, 36045067, 36045530, 36046175, 36046092, 36044964, 36037858, 36045702, 36046014, 36045759]
['siam', '12:30', '12:40', 36043303, 36044115, 36045531, 30473817, 36046179, 36045862, 36045561, 36044292, 36046176, 36046174, 36046097, 36044787, 36045371, 35514626, 35695786, 36043710, 36044792]
['lumpini', '12:30', '12:40', 36044115, 31071035, 35984638, 36046179, 33667247, 36046176, 30989943, 36045189, 36045586, 36045758]
['sinthorn', '12:30', '12:40', 36044645, 36045517, 36043891, 36045700, 36045037, 35569078, 36046074, 36045636, 36046011, 36045600, 36046073, 36042874, 36046135, 36046085, 36046025, 36046125, 36043757, 36046142, 36045453, 36046080, 36046082, 36045795, 36031927, 36045758]
['silom', '12:30', '12:40', 36045425, 36045828, 36040502, 36046029, 36045877, 36039189, 35978796, 36046142, 36045453, 36046080, 36046169, 36045597, 36046103, 36045974]
['wahkor', '12:30', '12:40', 36045698, 36039085, 36025342, 36045545, 36044592, 36045636, 36045561, 36045305, 36037764, 36046048]
['library', '12:30', '12:40', 36043891, 36045709, 36044592, 36046062, 36046171, 36044682, 36045453, 36045305, 36046063, 36046097, 36046129]
['art', '12:30', '12:40']
