['food', '13:50', '14:00', 36031927, 36044788, 36044680, 36043905, 36044196, 36045939, 36043933, 36046337, 36045896, 36039449, 36043842, 36045710, 34582539]
['greenzone', '13:50', '14:00']
['camera', '13:50', '14:00', 36046156]
['cartoon', '13:50', '14:00', 36037344, 34234239, 36045968, 36045883, 36046047, 36045161, 36045898]
['gallery', '13:50', '14:00', 36046126, 36026130, 34647509]
['klaibann', '13:50', '14:00', 36043278, 36039950, 36046386, 36046388, 36046231, 36045882, 36046315]
['jatujak', '13:50', '14:00', 36045333, 36044605, 36045930, 36045853, 36039896, 36045311]
['chalermkrung', '13:50', '14:00', 36046410, 36045091, 36046312, 36046181, 36045994, 36038228, 36045658, 36044968]
['chalermthai', '13:50', '14:00', 36041666, 36046393, 36046308, 34647509, 36045161, 36045898]
['family', '13:50', '14:00', 36039913, 36045018, 36044788, 36045597, 36043418, 36043905, 36041960, 36041432, 36046303, 36046390, 36046189, 36045830, 36046342]
['home', '13:50', '14:00', 35762008, 36045597, 36046402, 36046400, 36045888, 36046387, 36044405, 36034979, 36041537, 33198822, 36044185, 36046373]
['siliconvalley', '13:50', '14:00', 36037344, 36046304, 36046409, 35762008, 36046003, 35201763, 36046399, 36046398, 36046292, 36044405, 36046087, 36042321, 36043863, 36046323, 36046376]
['beauty', '13:50', '14:00', 31369164, 36041871, 36045222, 36042363, 36046189, 36046176]
['writer', '13:50', '14:00', 36045889, 36045319]
['blueplanet', '13:50', '14:00', 36046126, 36042945, 36039189, 36045993, 35980614, 36022943, 36043278, 36044196, 36046397, 36046341, 36046328, 36046396, 36046303, 36046386, 36046395, 36019134, 36046337, 36046388, 36046231, 36044818, 36045896, 36045830, 34647509, 36046380, 36045729, 36045710, 36045882, 36045425, 36046315, 36045700]
['tvshow', '13:50', '14:00', 36045892, 36046392, 36046381, 36039189, 36046354, 36046362, 36044936, 36046405, 36046403, 36044467, 36044169, 36046079, 36046390, 36044416, 36044579, 36045725, 36046299, 36045404, 36045658, 36038811, 36040354]
['bangrak', '13:50', '14:00', 36046339, 36046364, 36045045, 36045889, 36046277, 36043537, 35972127, 36046406, 36041871, 36046346, 36046383, 36046401, 36045662, 36046314, 36041432, 36045449, 36046188, 36041776, 36043107, 36046390, 36045685, 36046027, 36046198, 36045459, 36043785, 36046160, 36045797]
['horoscope', '13:50', '14:00', 36046340, 36045632, 35201763, 36046341, 36043521, 36046213]
['pantip', '13:50', '14:00', 36046405, 36044968]
['region', '13:50', '14:00', 36044196, 36046337, 36025716, 36045729]
['mbk', '13:50', '14:00', 36046291, 36042343, 36020954, 36046003, 36043878, 36046407, 33146303, 36046372, 36026130, 36026217, 36046350, 36043912, 36046391, 36046008, 35919322, 36043083, 36046349, 36042321, 36046375]
['all', '13:50', '14:00', 36044722, 36045863, 36037344, 36045892, 36046410, 36046126, 36046304, 36046291, 36046392, 36042945, 36039913, 36042343, 36045018, 36045709, 36031927, 36046409, 36046340, 35675179, 36020954, 36046381, 36046408, 36039189, 36043462, 36046362, 36046354, 36046339, 35762008, 36045091, 36046003, 36046312, 36046364, 36046384, 36045137, 36041666, 36045045, 36043878, 36045993, 36046407, 35926430, 31369164, 36046359, 36045889, 36046161, 33146303, 35980614, 36046366, 36046277, 36045531, 36043537, 35972127, 36045911, 36046406, 36044788, 36022943, 36046302, 36041871, 36044958, 36044936, 36046405, 36046372, 36046404, 36046403, 36044241, 36045597, 36041356, 36046346, 36046383, 36046402, 36044680, 36044605, 36046401, 36046000, 36046181, 36045632, 36044467, 36043583, 36045662, 36046314, 36044169, 36046400, 36043278, 35201763, 36046079, 36046399, 36043418, 36043905, 36038821, 36044196, 36046377, 36026130, 36046398, 36046397, 36046328, 36046341, 36041960, 36045853, 36045943, 36041432, 36046396, 36039950, 36046263, 36045431, 36045371, 36046303, 36046386, 36046395, 36046379, 36026217, 36045449, 36046394, 36045939, 36046393, 36043881, 36046156, 36046246, 36046188, 36046350, 36019134, 36043912, 36043933, 36046253, 36045994, 36045745, 36046317, 36041776, 36046391, 36043107, 36046008, 36045888, 36046252, 36046337, 36044789, 36045570, 36045885, 36042363, 36046390, 35919322, 36046389, 36046388, 36046387, 36046292, 36044405, 36044416, 36046087, 36045685, 36034979, 36041537, 36046231, 36045948, 34234239, 36043521, 36046027, 36044717, 36046385, 36038228, 36046308, 36045968, 36025716, 36046189, 36044818, 36045305, 36045472, 36046111, 36045883, 36046025, 36045896, 36045746, 36045037, 36043083, 36046382, 33198822, 36046034, 36044579, 36045725, 36039449, 36045830, 36039896, 36046299, 36046325, 36045319, 36046176, 36022761, 36043842, 36046349, 36042321, 36045404, 36046198, 36046047, 34647509, 36046380, 36043863, 36045698, 36045658, 36045842, 36045729, 36045311, 36046378, 36045710, 36046311, 36045459, 36043966, 36044185, 36046323, 36045882, 36045161, 36045425, 36044288, 36046342, 36038811, 36046376, 36028984, 36046375, 36044820, 36037764, 36046315, 34582539, 36040354, 36043785, 36046374, 36045700, 36044968, 36046171, 36045189, 36046214, 36045999, 36046160, 36045898, 36046164, 36046213, 36046373, 36046083, 36045797]
['ratchada', '13:50', '14:00', 36044722, 36045993, 36046359, 36046302, 36044936, 36038821, 36045570, 36046385, 36046111, 36046325, 36043966, 36044820, 36046374]
['rajdumnern', '13:50', '14:00', 36046408, 36043462, 36045911, 36046000, 36045746, 36045698, 36046164]
['isolate', '13:50', '14:00', 35675179, 36045948, 36046382, 36046378, 36028984, 36045999]
['social', '13:50', '14:00', 36031927, 36043462, 36039189, 36046339, 35762008, 36046364, 36045531, 36046406, 36044958, 36046372, 36046314, 35201763, 36044196, 36046386, 36026217, 36046246, 36045745, 36046008, 36046252, 36044789, 36045885, 36045472, 36046034]
['religious', '13:50', '14:00', 36045531, 36045885, 36044717, 36046083]
['supachalasai', '13:50', '14:00', 36045137, 36046161, 36046366, 36046404, 36043583, 36045943, 36043881, 36042363, 36045842]
['siam', '13:50', '14:00', 36046291, 36045889, 36046277, 36045531, 36046406, 36046346, 36046383, 36046341, 36045431, 36045371, 36045449, 36046246, 36041776, 36043107, 36046389, 36046198, 36046311, 36043785]
['lumpini', '13:50', '14:00', 36046364, 35926430, 31369164, 36043418, 36046379, 36046317, 36042363, 36046176, 36045189]
['sinthorn', '13:50', '14:00', 36045863, 36031927, 36046381, 36043462, 36046384, 36044958, 36041356, 36041960, 36046263, 36046303, 36046246, 36046253, 36046317, 36046387, 36046025, 36045037, 36022761, 36046315, 36045700]
['silom', '13:50', '14:00', 36039189, 36046384, 36044958, 36045597, 36041356, 36046377, 36039950, 36046303, 36046317, 36034979, 36022761, 36045425]
['wahkor', '13:50', '14:00', 35926430, 36044241, 36025716, 36045305, 36045698, 36037764, 36046214]
['library', '13:50', '14:00', 36045709, 36046394, 36046389, 36045305, 36044288, 36046171]
['art', '13:50', '14:00', 36046395]
