['food', '23:40', '23:50', 36048391, 36048362, 36047792, 36039645, 36037902, 35935821, 36047728, 36048144, 36046255, 36048350]
['greenzone', '23:40', '23:50', 36037761]
['camera', '23:40', '23:50', 36047598, 36047974, 36048311, 36048367]
['cartoon', '23:40', '23:50', 36046771, 36047311, 36048223, 36048063]
['gallery', '23:40', '23:50', 36045182, 36048311]
['klaibann', '23:40', '23:50', 36025796, 36046567, 36048345]
['jatujak', '23:40', '23:50', 36037761, 36046800]
['chalermkrung', '23:40', '23:50', 36047511, 36042336, 36048390, 36047569, 36045777, 36047991, 36048080, 36047840, 36045978, 36047978, 36048134, 36048383, 36047818, 36045658, 36047167, 36039747, 36047557, 36048138, 36044718, 36048171, 36048242, 36041481, 36048177]
['chalermthai', '23:40', '23:50', 36047311, 36041612, 36047848]
['family', '23:40', '23:50', 36045018, 36047610, 36028987, 36047778, 36047632, 36046189, 36047666, 36037902, 36047217, 36041432, 36048130, 35838310, 36047634, 35839935, 36048278, 35784055, 36047853]
['home', '23:40', '23:50', 36048386, 36048203]
['siliconvalley', '23:40', '23:50', 36048393, 36047965, 36047986, 36047352, 36037538, 36047550, 36046322, 36047636, 36044417, 36048316]
['beauty', '23:40', '23:50', 36045470, 36048392, 36047778, 36048389, 36047217, 35833814, 36048063, 36048377, 36047124]
['writer', '23:40', '23:50', 36043882, 36048379, 36048375]
['blueplanet', '23:40', '23:50', 36041833, 36041627, 36039189, 36039661, 36046567, 36047913, 36045182, 36048345, 36035202, 36048319, 36045506, 35784055, 36047233, 36048252, 36048374]
['tvshow', '23:40', '23:50', 36043172, 36046664, 36042336, 36048258, 36045777, 36048246, 36047153, 36039189, 36047978, 36029384, 35839093, 35989216, 36045658, 36047634, 36048255, 36042028, 36038811, 35967733]
['bangrak', '23:40', '23:50', 36047898, 36048254, 36048380, 36047666, 36031582, 36048386, 35838412, 35838693, 36048332, 35838658, 35838735, 36044364, 36048286, 35838704, 36041432, 35838638, 36048385, 35838410, 35838368, 35838310, 35838815, 35838902, 36047628, 35839577, 35839684, 36048278, 36047430, 35843256, 36047248, 36040623, 35843201, 35843086, 35843080, 36045248, 35842977, 35843410, 35843560, 36048244, 35842798, 35844214, 36047853, 35844184]
['horoscope', '23:40', '23:50', 35658828, 36048100, 36048379, 36047364, 36048323, 36047740, 35994617]
['pantip', '23:40', '23:50']
['region', '23:40', '23:50', 36048361, 36048260, 36044364, 36047740, 36048252, 36045552]
['mbk', '23:40', '23:50', 36048355, 36045084, 36047517, 36048394, 36047183, 36046789, 36048356, 36047598, 36044715, 36046012, 36048111, 36048334]
['all', '23:40', '23:50', 36025796, 36045842, 36048184, 36048361, 36048355, 36045470, 36045955, 36047898, 36037761, 36043172, 36046664, 36047511, 36041833, 33643080, 36048086, 36048340, 36045498, 36048279, 36047664, 36041627, 36044548, 36045084, 36042336, 36047517, 36048129, 36048394, 36045018, 35658828, 36047332, 36047610, 36047892, 36048258, 36048393, 36048392, 36048260, 36043882, 36047181, 36047965, 36048391, 36042196, 32863970, 36048390, 36046771, 36028987, 36047569, 36047986, 36047778, 36047183, 36048254, 36048132, 36047352, 36047632, 36045777, 36047991, 36048246, 36045348, 36046789, 36031282, 36048362, 36048080, 36048389, 36047840, 36046189, 36048388, 36048100, 36048387, 36047792, 36048380, 36047153, 36036293, 36047666, 36046800, 36048378, 36048301, 36048386, 36031582, 36039645, 36045978, 35838412, 36047570, 36047656, 36047820, 36039189, 36037902, 36047978, 35838693, 35935821, 36039661, 36048134, 36048332, 36048379, 36047364, 35838658, 36048356, 36047217, 36047311, 35838735, 36048292, 36044364, 36048286, 35838704, 36047521, 36041432, 36047728, 36037538, 36047932, 36048130, 35838638, 36048385, 35838410, 36048383, 36046567, 36047913, 35838368, 36048288, 36048234, 36048384, 36046710, 36047988, 36047834, 36047550, 35889106, 35838310, 36047598, 36048382, 36041612, 35838815, 36044715, 36047818, 36048323, 35838902, 36047040, 36045182, 36029384, 36048345, 35837520, 36047628, 36048381, 35839577, 36048284, 36047974, 36048205, 34008004, 36048223, 36045698, 36035202, 36048199, 36047740, 35839093, 35989216, 36044937, 36045658, 36047634, 36048144, 35839684, 30238909, 36042165, 36047848, 36048319, 35839935, 36037254, 36048187, 36046322, 36048278, 36047430, 31004033, 36045506, 36046255, 36048255, 35784055, 35833814, 36046012, 36047167, 36048371, 36042028, 36039747, 36048111, 36047695, 35843256, 36047233, 36047248, 36001772, 36047557, 32838158, 36040623, 36047636, 35843201, 36048203, 36048375, 35843086, 36048138, 36048252, 35843080, 36044417, 36048063, 36048311, 36045248, 36048334, 36044283, 36048377, 36027000, 34311757, 36038811, 35842977, 36048350, 36048376, 35843410, 36045552, 36044718, 36047784, 36048367, 35843560, 35994617, 36048244, 36048171, 35842798, 36048242, 35844214, 36047124, 35967733, 36041481, 36047853, 36048374, 36048316, 35844184, 36048177, 35887418]
['ratchada', '23:40', '23:50', 36048361, 36048292, 36047521, 36048234, 36048382, 36047040, 36048319, 36027000]
['rajdumnern', '23:40', '23:50', 36048132, 36045698, 34311757]
['isolate', '23:40', '23:50', 36045955, 36036293, 35887418]
['social', '23:40', '23:50', 36047610, 36043882, 36047181, 36042196, 36028987, 36047778, 36048254, 36047632, 36046789, 36031282, 36048389, 36047666, 36048301, 36039189, 36048286, 36048345, 36048381, 34008004, 35839093, 36047634, 36046322, 36048278, 31004033, 36045506, 36048371, 36047233, 35843080, 36048063, 36048334]
['religious', '23:40', '23:50', 36048260, 36039661, 36047728, 36037254, 36044283]
['supachalasai', '23:40', '23:50', 36045842, 36048184, 36048086, 36047664, 36047820, 36048384, 36048199, 35833814, 36047124]
['siam', '23:40', '23:50', 36048361, 36047898, 36048279, 36047181, 36042196, 36028987, 36047778, 36031282, 36048387, 36047666, 36031582, 35838412, 36047570, 35838693, 36048379, 35838735, 36048286, 35838638, 36048385, 35838410, 35838368, 36048288, 35838902, 35837520, 36047628, 34008004, 36047740, 35839684, 36042165, 36047430, 36047695, 36001772, 32838158, 36047784, 35843560, 36048244, 35844214]
['lumpini', '23:40', '23:50', 33643080, 36047610, 36047892, 36048392, 36043882, 36042196, 36048389, 36047570, 36047820, 36047217, 36047040, 36048284, 34008004, 30238909, 36048278, 31004033, 35833814, 36001772, 36047124]
['sinthorn', '23:40', '23:50', 36048355, 36048340, 36045498, 36048129, 36047332, 32863970, 36028987, 36048132, 36047632, 36045348, 36048388, 36048378, 36047656, 36047932, 36048130, 36047988, 36047834, 36048381, 36048187, 36048203, 36027000, 36048376]
['silom', '23:40', '23:50', 36044548, 36048129, 36028987, 36048132, 36047632, 36048389, 36048301, 36039189, 36048288, 36048381, 36044937, 36045506, 35784055, 36048371]
['wahkor', '23:40', '23:50', 36047352, 36047728, 36046710, 36048205, 36045698, 36047740, 36045552]
['library', '23:40', '23:50', 36048129, 36043882, 36047632, 36048387, 35889106, 36047634, 36042165, 36047848, 36047695, 34311757, 36045552]
['art', '23:40', '23:50', 36047598]
