['food', '14:50', '15:00', 36046455, 35999296, 36046255, 35946758, 36046556, 36045963, 36045731, 36044819]
['greenzone', '14:50', '15:00']
['camera', '14:50', '15:00', 36046227, 36045141, 36046447, 36046448, 36046549]
['cartoon', '14:50', '15:00', 36045991, 36045898, 36038420, 32343890, 36045883]
['gallery', '14:50', '15:00', 36045182, 36046556, 36045141]
['klaibann', '14:50', '15:00', 36038862, 36046567, 36003879, 36039950, 36041796, 36046561, 36045823, 36046202, 36040051]
['jatujak', '14:50', '15:00', 36039896, 36045805, 36042155]
['chalermkrung', '14:50', '15:00', 36046410, 36046264, 36046574, 36045978, 36046312, 36046015, 36044968, 36045777, 36046068, 36046071, 36045658]
['chalermthai', '14:50', '15:00', 36045898, 35980315, 36044799]
['family', '14:50', '15:00', 36045018, 36046189, 36037153, 36044080, 36041432, 36038432, 36041796, 36046460, 36046068, 36041888, 36040051, 36046550, 36046303, 36043487]
['home', '14:50', '15:00', 36045215, 36037930, 36046423, 36044154, 36046536, 36046544, 30545591, 36045424, 36046373]
['siliconvalley', '14:50', '15:00', 36037153, 36043659, 36036634, 36045991, 36038862, 36046398, 36046423, 36045722, 36046570, 36046560, 36045424, 36046292, 36046447]
['beauty', '14:50', '15:00', 36037721, 36046189, 36044714, 36044403, 36036943, 36044190, 36046520, 36044151, 36045073, 36046242, 36046566, 36045343, 36046088, 36045382, 36045222, 36046319, 36046176, 36039331, 35531202]
['writer', '14:50', '15:00']
['blueplanet', '14:50', '15:00', 30768679, 36046508, 36046431, 36045700, 36045182, 36046222, 36039189, 36046455, 36046567, 36046565, 36046230, 36044571, 36044818, 36046545, 36045941, 36046380, 35980315, 36046417, 36044799, 36040329, 36046303, 36043591]
['tvshow', '14:50', '15:00', 36046016, 36046555, 36036001, 36039189, 36045922, 36046101, 36046569, 36046063, 36003879, 36045954, 35900525, 36044169, 36046533, 36044836, 36045777, 36046238, 36046170, 36046362, 36046552, 36038541, 36044936, 36042490, 36040354, 36044514, 36045658, 36045193]
['bangrak', '14:50', '15:00', 36046277, 36045045, 36046573, 36046339, 36046133, 36044894, 36046474, 36043537, 36046383, 36041432, 36045761, 36041796, 36046348, 36046516, 36046285, 36046460, 36045085, 36040610, 36046371, 36046468, 36046436, 35977245]
['horoscope', '14:50', '15:00', 36044224, 33866982, 36046413, 36046340, 36046133, 35946758, 35504809, 36046550, 36046199]
['pantip', '14:50', '15:00', 36044968]
['region', '14:50', '15:00', 30768679, 36046455, 36043475, 36046230, 36043591]
['mbk', '14:50', '15:00', 36046461, 36037153, 36024650, 36045799, 36046530, 36038862, 36046442, 36046519, 36046563, 36046559, 36045821, 36043384, 36046554, 36046183, 36045890, 36046274, 36046539]
['all', '14:50', '15:00', 36043962, 36046302, 36046410, 36046016, 36046264, 36046461, 36045018, 36037721, 36045772, 36046189, 36043737, 36046062, 36045885, 36044224, 36044714, 33866982, 36044811, 36037153, 36043100, 36045211, 35360146, 36043659, 36044080, 36046574, 36039896, 36024650, 36045215, 36046277, 36046466, 30768679, 36045974, 36045799, 36045746, 36044403, 36036943, 30603966, 36046413, 36046508, 36046431, 36037930, 36036634, 36046530, 36045700, 36045991, 36045045, 36045182, 36038862, 36046558, 36046573, 36046222, 36046340, 36046253, 36035601, 36045978, 36046555, 36035934, 36046339, 36044784, 36036001, 36039189, 36046312, 36046133, 36046398, 36046572, 36040771, 36045898, 36045646, 36044894, 36046474, 36043537, 36045348, 36046214, 36044190, 36046520, 36046455, 36044151, 36014997, 36046442, 36045922, 36046101, 36046423, 36046571, 36042926, 36044283, 36046227, 36045073, 36045842, 36040836, 36042348, 36045722, 36046570, 36046242, 36046569, 36045531, 36046157, 36046083, 36046567, 36002147, 36046568, 36046063, 36046136, 36046566, 36045343, 36046383, 36003879, 36041432, 36045289, 36029290, 36045221, 36046471, 36039950, 36046538, 30873699, 32764211, 36038432, 36045954, 36046565, 36046088, 35999296, 36046255, 35900525, 36045382, 36046519, 36046564, 36046563, 36046151, 36044169, 36046562, 36045761, 36041796, 36040502, 36046561, 36038420, 36046560, 35859087, 36043475, 36046230, 36045283, 36044154, 36046348, 36046533, 36046109, 36044836, 36044571, 30643745, 36046516, 36046559, 36042034, 36046015, 36046551, 36045718, 36046285, 36046536, 36044968, 36045821, 36045805, 36045222, 36046504, 36045777, 36046243, 36046544, 36046460, 35946758, 36035626, 36044818, 36046545, 36046374, 36046006, 30545591, 36046557, 36046458, 36045305, 36043833, 36046319, 36046556, 36046068, 36045424, 36046377, 36045066, 36046176, 36043384, 36045141, 36045085, 36041888, 36046429, 32343890, 36039331, 36046554, 36039772, 36009013, 36046144, 36038104, 35504809, 36038951, 36045823, 36046202, 36045943, 36046238, 36045941, 36046367, 36023453, 35531202, 36046380, 36040610, 35980315, 36041901, 36046183, 36044307, 36044165, 36046071, 36046483, 36045883, 36040051, 36046170, 36045890, 36045904, 36046223, 36045963, 36046366, 36046553, 36046362, 36043177, 36046552, 36046420, 36043156, 36046274, 36046371, 36046468, 36046550, 36038541, 36042155, 36046417, 36046292, 36045731, 36044799, 36044966, 36046373, 36046436, 36046199, 36044863, 36046447, 36045457, 36044936, 36045698, 36042490, 36046448, 35977245, 36040329, 36040354, 36046549, 36044514, 36045008, 36044819, 36045658, 36046303, 36043487, 36043591, 36042379, 36046539, 36046548, 36045193]
['ratchada', '14:50', '15:00', 36046302, 36043737, 36045211, 36043100, 36046431, 36035601, 36014997, 36029290, 36045221, 36046565, 36045718, 36046374, 36009013, 36045904, 36046223, 36046417, 36044966, 36044936, 36045008]
['rajdumnern', '14:50', '15:00', 36045746, 36046157, 36045289, 36045698]
['isolate', '14:50', '15:00', 35360146, 36046571, 36042348, 36046562, 36041901, 36043177, 36046548]
['social', '14:50', '15:00', 36045885, 36046062, 36044080, 36036634, 36046573, 36046339, 36039189, 36046157, 36045531, 36046151, 36041796, 36044571, 36046536, 36046556, 36045066, 36041888, 36039772, 36038104, 36038951, 36040051, 36046223, 36045963, 36046448, 36040329, 36042379]
['religious', '14:50', '15:00', 36043962, 36045885, 36046062, 36035934, 36046555, 36040771, 36044283, 36045531, 36046083, 36046551, 35946758, 36046557, 36041888, 36043156]
['supachalasai', '14:50', '15:00', 36046466, 36046558, 36045646, 36045842, 36046538, 36046564, 36045283, 36046109, 36046536, 36046006, 36046144, 36045943, 36046367, 36044165, 36046366, 36046553, 36046420, 36044863, 36045457]
['siam', '14:50', '15:00', 36046573, 36046572, 36044894, 36046474, 36040836, 36045531, 36002147, 36046383, 30873699, 36046348, 30643745, 36039772, 35504809, 36046483, 36046468, 36046436, 35977245]
['lumpini', '14:50', '15:00', 36044714, 36044403, 36044784, 36044190, 36046520, 36045073, 36046242, 36045343, 36046538, 36045382, 36046319, 36046176, 36046429, 36046367, 35531202]
['sinthorn', '14:50', '15:00', 36024650, 36045700, 36044784, 36045348, 36042926, 36046136, 36044154, 36042034, 36045821, 36046504, 36046243, 30545591, 36043833, 36043384, 36038951, 36045823, 36044307, 36045731, 36046448, 36046303, 36042379]
['silom', '14:50', '15:00', 36044080, 36045974, 30603966, 36039189, 36046568, 36039950, 32764211, 36041796, 36040502, 35859087, 36046458, 36046377, 36045066, 36023453, 36045731, 36046303]
['wahkor', '14:50', '15:00', 36045772, 36044811, 36046214, 36046471, 36046551, 36045305, 36023453, 36045698]
['library', '14:50', '15:00', 36046062, 36046555, 36046572, 36040836, 36002147, 36046568, 36046063, 36046551, 36035626, 36045305, 36046556, 32343890, 36046483]
['art', '14:50', '15:00']
