['food', '11:00', '11:10', 36040099, 36042293, 36045896, 36045731, 36044322, 36044581, 36044158, 36044788]
['greenzone', '11:00', '11:10', 36045385, 36043830, 36042957]
['camera', '11:00', '11:10', 36043461, 36045098, 36045887]
['cartoon', '11:00', '11:10', 36044183, 36045898, 36036982, 36044221]
['gallery', '11:00', '11:10', 36030270, 36044538]
['klaibann', '11:00', '11:10', 36040051, 36041938, 36045882, 36045900, 36044144, 36045894, 36045469, 36044779]
['jatujak', '11:00', '11:10', 36045580, 36045333, 36043368, 36041572, 36045905, 36042957]
['chalermkrung', '11:00', '11:10', 36045220, 36045658, 36045174, 36043061, 36044177, 36044968, 36044658, 36044144, 36037759, 36042924, 36044101]
['chalermthai', '11:00', '11:10', 31613400, 36039422, 36043368, 36037526, 36043507, 36044658, 36045898, 36044398, 36044335, 36044192, 36041666, 36041615, 36044561]
['family', '11:00', '11:10', 31046018, 36045830, 36040051, 36044174, 31629950, 36045485, 36038392, 36044568, 36045900, 36045899, 36042924, 36045671, 36044192, 36043243, 36045572, 36044788]
['home', '11:00', '11:10', 36044185, 36043619, 36043768, 36030270, 36041572, 36045901, 36042698, 36044572, 36045900, 36045031, 36045897, 33656834, 36045888]
['siliconvalley', '11:00', '11:10', 36043020, 36043899, 36045848, 36042763, 36045720, 36043853, 36044683, 36045705, 36045138, 36045817, 36045542, 36045098]
['beauty', '11:00', '11:10', 36044151, 36042817, 36045400, 36044618, 36045900, 36045016, 36045899]
['writer', '11:00', '11:10', 36045767, 36038614, 36045889]
['blueplanet', '11:00', '11:10', 36038138, 36045896, 36044136, 36045830, 36045882, 36045700, 36029014, 36044538, 36044681, 36042898, 36044904, 36045902, 36045900, 36039189, 36044779, 36045886, 36044951, 36044630]
['tvshow', '11:00', '11:10', 36045725, 36045922, 36045895, 36045220, 36045658, 36045790, 36042817, 36044505, 36045321, 36045842, 36044144, 36039189, 36045712, 36042924, 36045892, 36044936, 36028920]
['bangrak', '11:00', '11:10', 36045924, 36044920, 36043942, 36045851, 36045918, 36045459, 36045862, 36044469, 36045912, 36045565, 36043066, 36043537, 36043107, 36045797, 36042496, 36045485, 36042924, 36045671, 36045511, 36045667, 36045339, 36045889, 36043931]
['horoscope', '11:00', '11:10', 36038733, 34781785, 36045632]
['pantip', '11:00', '11:10', 31613400, 36044968, 31763212]
['region', '11:00', '11:10', 36044348, 36044538, 36045908, 36045764, 36043830, 36044951, 36044630]
['mbk', '11:00', '11:10', 36045890, 36032288, 36043899, 36045919, 35394832, 35715789, 36042763, 36045854, 36043130, 36045720, 36045418, 36044526, 36045705, 36045252, 36045680]
['all', '11:00', '11:10', 36045915, 36045646, 36044151, 36045702, 36040099, 36045890, 36045924, 36032288, 31613400, 36043966, 36045211, 36039422, 36044920, 36045725, 36043050, 36043044, 36045759, 36044185, 36045923, 36038138, 36045330, 36043020, 36045517, 36045580, 36045922, 36043942, 36045531, 36043899, 31046018, 36045895, 36045851, 36042293, 36045896, 36045920, 36045919, 36038733, 36045600, 36045758, 36045918, 36043619, 36045917, 36045818, 36045916, 35394832, 36044249, 36045058, 36044461, 36045885, 36045510, 36045633, 36044183, 36045220, 36045830, 36044136, 36040051, 36045658, 35715789, 36045459, 36045174, 36045746, 36045333, 36045650, 36044941, 36045848, 36045862, 36045913, 36045385, 36045496, 36042023, 36043368, 36045856, 36044958, 36041938, 36045530, 36044469, 36045434, 36044348, 36042763, 34781785, 36045912, 36045657, 36043177, 36043768, 36045565, 36045882, 36045854, 36044174, 36042333, 31629950, 36043061, 36045790, 36045911, 36044828, 36043130, 36043066, 36042817, 36045700, 36045561, 36045720, 36040829, 36040373, 36045910, 36045400, 36044493, 36026409, 36045798, 36040596, 36045672, 36045793, 36045909, 36044177, 36045736, 36029014, 36043537, 36043853, 36044968, 36044618, 36044505, 36045221, 36030270, 36045904, 36045321, 31763212, 36044538, 36045858, 36045908, 36044283, 36041572, 36045595, 36045546, 36045418, 36045863, 36045907, 36044681, 36044526, 36045906, 36043107, 36042898, 36045905, 36045745, 36045779, 36040502, 36045901, 36045903, 36045632, 36042698, 36045715, 36044572, 36045842, 36043461, 36045137, 36044904, 36045797, 36045465, 36044683, 36045731, 36037526, 36042592, 36043507, 36042496, 36045445, 36045485, 36045902, 36044568, 36038392, 36044658, 36045900, 36045016, 36042507, 36041052, 36045705, 36044144, 36045138, 36039189, 36045898, 36045899, 36045031, 36041602, 36045897, 36037759, 36044322, 36044398, 36045817, 34367662, 36042709, 36040771, 36045894, 36045893, 36044335, 36045542, 36044581, 36045712, 36042924, 36045469, 36045892, 36044158, 33656834, 36045767, 36036982, 36044101, 36045671, 36045891, 36045511, 36045764, 36045698, 36045371, 36045463, 36045066, 36040236, 36045584, 36045342, 36044936, 36045667, 36043830, 36045545, 36042477, 36044192, 33912815, 36045107, 36042169, 36044736, 36045098, 36044078, 36041666, 36038614, 36045339, 36042957, 36028920, 36044779, 36041956, 36045889, 36045644, 36045888, 36041615, 36045348, 36043243, 36045252, 36044049, 32667643, 36045887, 36045886, 36043931, 36045680, 36045884, 36044951, 36044630, 36044561, 36044570, 36044827, 36045572, 36044788, 36043248, 36044221]
['ratchada', '11:00', '11:10', 36043966, 36045211, 36043050, 36045920, 36045916, 36044249, 36044136, 36042023, 36044348, 36045793, 36045221, 36045904, 36045715, 36042592, 36042709, 36045764, 36045463, 36044936, 36044078, 36045644, 32667643, 36044630, 36044570, 36043248]
['rajdumnern', '11:00', '11:10', 36045746, 36045911, 36045698, 36044049]
['isolate', '11:00', '11:10', 36045915, 36045058, 36043177, 36045906, 36045903, 36045891]
['social', '11:00', '11:10', 36040099, 36045330, 36043942, 36045531, 36045758, 36045885, 36040051, 36045459, 36045848, 36045385, 36044958, 36045657, 36042333, 31629950, 36045720, 36045736, 36045745, 36044904, 36045705, 36039189, 36045897, 36045671, 36045511, 36045066, 33912815, 36042169, 36041956, 36043243, 36044049, 36044827]
['religious', '11:00', '11:10', 36045531, 36045885, 36045510, 36045496, 36040829, 36044283, 36040771, 36040236, 36045342, 36045584, 36042477]
['supachalasai', '11:00', '11:10', 36045646, 36045702, 36043050, 36045759, 36043044, 36045633, 36045650, 36044941, 36045913, 36045530, 36044493, 36045909, 36045842, 36045137, 36045465, 36042507, 36045107, 36044570]
['siam', '11:00', '11:10', 36044151, 36044920, 36043942, 36045531, 36045918, 36045917, 36044461, 36045459, 36045862, 36045434, 36045912, 31629950, 36043066, 36045561, 36040373, 36026409, 36043107, 36045485, 36045899, 36045894, 36045469, 36045511, 36045371, 36045667, 36045339, 36045889, 36045884, 36044827]
['lumpini', '11:00', '11:10', 36040099, 36045923, 36038138, 36045758, 36044461, 36045385, 36043368, 36044469, 36045434, 36045657, 36042333, 36040373, 36045445, 36044568, 36045900, 36044581, 33656834, 36045671, 36042169, 36044736, 36043931]
['sinthorn', '11:00', '11:10', 36045517, 36045600, 36045758, 36045818, 36045856, 36044958, 36045700, 36045910, 36045798, 36045672, 36030270, 36045858, 36045595, 36045546, 36045863, 36045907, 36045779, 36045731, 36042592, 36040236, 36045348, 32667643]
['silom', '11:00', '11:10', 36044151, 36040099, 36038138, 36044249, 36044958, 36040596, 36040502, 36043461, 36045731, 36041052, 36039189, 36045893, 36045066, 36040236]
['wahkor', '11:00', '11:10', 36045580, 36045385, 36043368, 36043061, 36045561, 36045715, 36041602, 36045698, 36043830, 36045545]
['library', '11:00', '11:10', 36045917, 36043061, 36044828, 36030270, 34367662, 36045469, 36042477, 36045644, 36044827]
['art', '11:00', '11:10', 36045817]
