['food', '20:50', '21:00', 36044752, 36047161, 36044581, 36047737, 36045710, 36044196, 35232840, 36047728, 36047098, 35998144, 36047681, 36047194, 35197588]
['greenzone', '20:50', '21:00', 36047295, 36045593, 36047751]
['camera', '20:50', '21:00', 36047212, 36040438]
['cartoon', '20:50', '21:00', 36047781, 35324302, 36046588, 36032675, 36041844, 36047750]
['gallery', '20:50', '21:00', 36047751, 35976814]
['klaibann', '20:50', '21:00', 36047782, 36031112, 35986834, 36038776, 36045823, 36046100]
['jatujak', '20:50', '21:00', 36045853, 36045333, 36045311, 36047494, 36046977, 36044227]
['chalermkrung', '20:50', '21:00', 36047561, 36047569, 36046071, 36046410, 36037564, 36047511, 36036867, 36047726, 36047337, 36030228, 36043061, 36047618, 36047665, 36047758, 36041844, 36047242]
['chalermthai', '20:50', '21:00', 36047022, 35324302, 36047567, 36047768, 36046719, 36041844]
['family', '20:50', '21:00', 36046026, 36047778, 36041432, 35324302, 36045671, 36047228, 36047634, 36044636, 36038776, 36046189, 36047615]
['home', '20:50', '21:00', 36044185, 36041804, 36042782, 36046977, 36047200, 36047013, 36047650, 36033220, 36047751, 36047146, 36047192]
['siliconvalley', '20:50', '21:00', 36047752, 36047481, 36047207, 36047759, 36034344, 36047673, 36047550, 36047773, 36047510, 36047647, 36043031, 34360987, 36047763, 36047537, 36047230, 36047200, 36047648, 36047756, 36047599, 36047682, 36047732, 36047748, 36047341, 36047427]
['beauty', '20:50', '21:00', 36047783, 36047333, 36047779, 36047778, 36045222, 36045290, 36044151, 36047749, 36047124, 36044457]
['writer', '20:50', '21:00', 36047772, 36044218]
['blueplanet', '20:50', '21:00', 36047702, 36047741, 36047782, 36047460, 36046755, 36045710, 36047776, 36044196, 36047385, 36044521, 36047327, 36047718, 36046894, 36044227, 36047754, 35197588, 36044637, 35976814]
['tvshow', '20:50', '21:00', 36047447, 36047435, 36047022, 36047690, 36037564, 36046390, 36046575, 35992637, 36045217, 36047726, 36038356, 36047030, 36047573, 36040938, 36046627, 36047680, 35989216, 36047768, 36047128, 36047698, 36047659, 35887452, 36047560, 36047316, 36047746, 36047719, 36047154, 36047634, 36047399, 36046362, 36044936, 36047003, 36046299, 36047105, 36044505, 36047192]
['bangrak', '20:50', '21:00', 36047727, 36047506, 36047161, 36047745, 36047620, 36047762, 36047575, 36045862, 36041432, 35970358, 36047703, 36045054, 36047628, 36047769, 36047581, 36047766, 36047721, 36031582, 36047465, 36045671, 35900642, 35998144, 36047587, 35176023]
['horoscope', '20:50', '21:00', 36047364, 36047639, 36047196, 36044881, 36047767, 36046891, 36042739, 36038733]
['pantip', '20:50', '21:00', 36047772]
['region', '20:50', '21:00', 36047702, 36047295, 36047780, 36047460, 36047776, 36044196, 36047327, 36047718, 36045864, 36047529, 36047681, 36044227, 36046957]
['mbk', '20:50', '21:00', 36047714, 36047513, 36045084, 36047774, 36047771, 34881568, 36046941, 36047647, 35750221, 36046559, 34360987, 36047624, 36047763, 36047230, 36047755, 36045733, 36046291, 36047236, 36045556]
['all', '20:50', '21:00', 36044185, 36047714, 36044809, 36047447, 36047784, 36047364, 36047458, 36047561, 36047022, 36047435, 36044752, 36047513, 36047044, 36047690, 36047713, 36045371, 36047783, 36047702, 36047333, 36047727, 36047295, 36047741, 36047506, 36047161, 36047687, 36045348, 36046903, 36047569, 36047745, 36044581, 36047737, 36047752, 36047620, 36047782, 36046026, 36046830, 36046846, 36045148, 36046988, 36045593, 36046071, 36047521, 36047781, 36047212, 36045853, 36046752, 36047481, 36046654, 36047762, 36047523, 36047780, 36047313, 36037564, 36047779, 36046390, 36047778, 36046839, 36045758, 36047511, 36046768, 36047460, 36047653, 36046575, 36047639, 36041182, 36047575, 36047378, 36045862, 36047775, 36041432, 36047223, 36044283, 36045084, 36045710, 36046755, 36045943, 35970358, 35992637, 36047777, 36045217, 36047207, 36036867, 36041804, 36047776, 36047726, 36045036, 36038356, 36044196, 36045137, 36045222, 36045333, 36047367, 36047496, 35324302, 36047703, 36046588, 36044941, 36047030, 36047759, 36047573, 36047673, 36034344, 36047301, 36047774, 36040938, 36042782, 36047322, 36047550, 36045054, 36047773, 36046466, 36047142, 36045311, 36047706, 36047621, 36047494, 36046627, 36047671, 36045891, 36047441, 36017993, 36047227, 36047087, 36047765, 36047772, 36047771, 32550610, 36047180, 34881568, 36047510, 36047680, 36030228, 36047337, 35989216, 36046941, 36047385, 36047628, 36047647, 36031112, 36047196, 36047567, 36047635, 35232840, 36047728, 36047769, 36044881, 35986834, 36047768, 36047128, 35750221, 36047698, 36045502, 36047767, 36047581, 36047464, 36043061, 36047659, 36046559, 36047721, 36047766, 36044521, 36039146, 36047098, 35887452, 36043031, 36047761, 36047560, 36035626, 34360987, 36031582, 36047624, 36047764, 36047465, 36045671, 35900642, 36047228, 36047763, 36047489, 36047316, 36047327, 36047537, 36047618, 36047746, 36046891, 36047665, 36044374, 36047718, 36047719, 36047760, 36047209, 36045864, 36047154, 35998144, 36032675, 36045290, 36046420, 36046977, 36046894, 36044248, 36047587, 36040438, 36042739, 36047529, 36047634, 36047230, 36047399, 36047681, 36044636, 36044151, 36047200, 30774071, 36047656, 36046799, 36046362, 36047303, 35901357, 36044584, 36038733, 36046719, 36044227, 36038776, 36047753, 36046956, 36047758, 36044078, 36047648, 36047757, 36047013, 36047736, 36044306, 36047756, 36047650, 36045151, 36033220, 36046189, 36041844, 35176023, 36047755, 36047754, 36044218, 36047599, 36047194, 36047685, 36047366, 36047678, 36045646, 36047751, 36046957, 36047242, 36045733, 36045745, 36047747, 36047750, 36047749, 36044936, 36035220, 36047003, 36047682, 36045823, 36046299, 36047732, 36046100, 36047748, 36047626, 36047105, 36047124, 36046291, 36047236, 36047633, 36044457, 36044505, 31243415, 36047146, 36047341, 36047427, 35197588, 36047615, 36045556, 36044548, 36044721, 36047192, 35976814, 36044637]
['ratchada', '20:50', '21:00', 36047295, 36047521, 36047212, 36041182, 36047575, 36047087, 36047765, 36047180, 36047635, 36045502, 36047464, 36047489, 36044248, 36044078, 36045151, 36044936, 35976814]
['rajdumnern', '20:50', '21:00', 36047044, 36047781, 36046768, 36047223, 36047496, 36047706, 36047671, 36047441, 36047648]
['isolate', '20:50', '21:00', 36046903, 36045891, 36047764, 36047760, 35901357, 36044584, 36047736, 36035220]
['social', '20:50', '21:00', 36047714, 36047713, 36047783, 36047333, 36047782, 36047778, 36045758, 36047575, 36044196, 36047087, 36047771, 32550610, 36046941, 36047635, 36047769, 36047581, 36039146, 36047465, 36046977, 36046894, 36047634, 36047648, 36047013, 36045151, 36047366, 36045745, 36047749, 36047615]
['religious', '20:50', '21:00', 36045593, 36044283, 36047728, 36047767, 36047529]
['supachalasai', '20:50', '21:00', 36047458, 36047653, 36047378, 36045943, 36047777, 36045137, 36047367, 36044941, 36047301, 36046466, 36047765, 36046420, 36045646, 36046957, 36047124, 36047633]
['siam', '20:50', '21:00', 36047784, 36045371, 36047783, 36047506, 36047687, 36047745, 36047620, 36045148, 36047778, 36045862, 35970358, 36017993, 32550610, 36047628, 35986834, 36031582, 36047465, 35900642, 36044374, 36047587, 30774071, 36047753, 36047757, 36041844, 35176023, 36047366, 36047749]
['lumpini', '20:50', '21:00', 36044581, 36046654, 36047779, 36045758, 36047703, 36039146, 36047209, 30774071, 36047753, 36047124]
['sinthorn', '20:50', '21:00', 36044809, 36047044, 36045348, 36046846, 36046830, 36046988, 36046752, 36047523, 36045758, 36046839, 36045036, 36047322, 36047647, 36047761, 36047327, 36047656, 36047303, 36046956, 36047685, 36047678, 36047747, 36045823, 36047626, 36047615]
['silom', '20:50', '21:00', 36047227, 36047761, 36047678, 36045823, 31243415, 36044721, 36044548]
['wahkor', '20:50', '21:00', 36047313, 36047775, 36047673, 36047142, 36047494, 36047728, 36043061, 36044721]
['library', '20:50', '21:00', 36047775, 36047621, 36017993, 32550610, 36031112, 36043061, 36035626, 36044374, 36047634, 36046799, 36047753, 36047757, 36044306, 36047678]
['art', '20:50', '21:00', 36047295, 36047481]
