['food', '11:10', '11:20', 36045960, 36045963, 36045714, 36045710, 36045939, 36042843, 36042850, 36044738, 36042466, 36045938, 36045351, 36040752]
['greenzone', '11:10', '11:20', 36045426]
['camera', '11:10', '11:20', 36045938, 36045622, 34610257]
['cartoon', '11:10', '11:20', 36045933, 36045006, 36045938, 36045898]
['gallery', '11:10', '11:20']
['klaibann', '11:10', '11:20', 36044045, 36045882, 36040378, 36045628, 36042450, 36045925, 36040051, 36043073, 36045941, 36045940, 36045934]
['jatujak', '11:10', '11:20', 36045853, 36045580, 36045947, 36045311, 36045930, 36045938, 36044855, 36043368]
['chalermkrung', '11:10', '11:20', 36045962, 36045089, 36037759, 36044177, 36045951, 36044217, 36043061, 36045109, 35852015, 36045091, 35970937]
['chalermthai', '11:10', '11:20', 36044045, 36045363, 36045933, 36037526, 36044995, 36045938, 36045898, 33961711, 36043368]
['family', '11:10', '11:20', 36045830, 36045947, 36040051, 36040173, 36045942, 36045597, 36045671, 36041432]
['home', '11:10', '11:20', 36045930, 36042904, 32396062, 36004789, 36043872, 36045597, 36045901, 36016655, 36045031]
['siliconvalley', '11:10', '11:20', 36045799, 36044225, 36045838, 36045958, 36045942, 36042889, 36045936, 36044730, 36045670, 36043020]
['beauty', '11:10', '11:20', 36044045, 36038764, 36044121, 36045950, 36044190, 36045942, 36026363, 36044305, 36042817, 36045878]
['writer', '11:10', '11:20', 36045942, 36022835]
['blueplanet', '11:10', '11:20', 36045830, 36045710, 36040329, 36045882, 36032857, 36045564, 36042450, 36045768, 36045663, 36045430, 36045700, 36030174, 36043495, 36045946, 36042933, 36045942, 36043073, 36045937, 36045934, 36045928, 36045651, 36039189]
['tvshow', '11:10', '11:20', 36045922, 36045873, 36036971, 36032857, 36045842, 36041158, 36045954, 36044758, 36042965, 36044877, 36041851, 36044217, 36045390, 36044212, 36038811, 36045892, 36045941, 36041337, 35967733, 36045790, 36045404, 35852015, 36042817, 36043871, 35970937, 36037664, 36039189, 36045321]
['bangrak', '11:10', '11:20', 36044045, 36044178, 36044364, 36045865, 36045918, 36045851, 36045491, 36045696, 36045511, 36045867, 36045521, 36045608, 36045459, 36045533, 36045559, 36045575, 36045940, 36045912, 36045813, 36045671, 36045104, 36045756, 36045105, 36043107, 36045797, 36045931, 36045456, 36041432, 35695786, 36042940, 36045579, 36045927]
['horoscope', '11:10', '11:20', 36043119, 36043312, 36043879, 36045929, 36024697, 36042739]
['pantip', '11:10', '11:20']
['region', '11:10', '11:20', 36044364, 36042850, 36045768, 36030174, 36042904, 36043495, 36045946]
['mbk', '11:10', '11:20', 36045821, 36045799, 36022991, 36039357, 36045616, 36045641, 36045234, 36045347, 36045890, 36045421, 36043427, 36045936, 36045935, 36045854, 36044526, 36045919, 36045878, 36045926]
['all', '11:10', '11:20', 36044045, 36045643, 36045821, 36045759, 36045965, 36045340, 36045960, 36045948, 36045964, 36045963, 36045799, 36045962, 36038764, 36045832, 36042240, 36045563, 36045363, 36045961, 36043119, 36045830, 36044225, 36040502, 36045714, 36045943, 36045922, 36044178, 36045758, 36045873, 36022991, 36044493, 36045089, 36045710, 36045745, 36037759, 36045838, 36043260, 36045959, 36044276, 36045911, 36045958, 36045957, 36039357, 36045939, 35957703, 36045580, 36044811, 36045956, 36040329, 36034541, 36045616, 36045530, 36045882, 36042843, 36040378, 36040080, 36036971, 36045623, 36045955, 36045933, 36044364, 36044958, 36045682, 36045628, 36044177, 36045641, 36032857, 36045348, 36045842, 36045442, 36045781, 36045947, 36045603, 36041158, 36045531, 36045311, 36045954, 36044758, 36045953, 36045952, 36043312, 36044121, 36042965, 36045564, 36011313, 36037526, 36043414, 36042850, 36045789, 36045930, 36045951, 36042450, 36041963, 36041373, 36045371, 36045865, 36045768, 36044877, 36045663, 36045458, 36045918, 36045950, 36045851, 36044190, 36045234, 36045715, 36041956, 36045430, 36045949, 36045696, 36045491, 36041851, 36045925, 36045006, 36045826, 36045347, 36044738, 36045867, 36045511, 36045702, 36044217, 36045772, 36045426, 36045700, 36044898, 36045521, 36030174, 36042904, 36043495, 36045608, 36045946, 36045459, 36045945, 36044977, 36045588, 36045533, 36045390, 36040051, 36045890, 36045944, 36045260, 36045559, 36044212, 36040173, 36044735, 36044995, 36043061, 36045421, 36045650, 36042933, 36045942, 36045785, 36045575, 36038811, 36043073, 36045496, 32396062, 36045718, 36045569, 36044088, 36042889, 36045892, 36045109, 36045941, 36045863, 36045480, 36026363, 36004789, 36045164, 36045001, 36043044, 36041337, 36042466, 36045940, 36043872, 36044944, 36044012, 35967733, 36044764, 36045912, 36045836, 36045597, 36045938, 36043427, 36045829, 36045937, 35996982, 36044855, 36041988, 36045936, 36045913, 36045351, 36037764, 36045935, 30049511, 36045570, 36045934, 36045813, 36045671, 36045104, 36045917, 36039007, 36045756, 36040752, 36009886, 36045795, 36045790, 36045105, 33959232, 32973181, 36044347, 36043107, 36043879, 36045622, 36045854, 36045265, 36041923, 36044526, 36045404, 36045904, 36044305, 33238143, 36045660, 36045932, 36045797, 36043348, 36043177, 35852015, 36045910, 33961711, 36045546, 36045919, 36044730, 34610257, 36045931, 36045670, 36042817, 36043871, 36045091, 36045901, 36043368, 36037664, 36045532, 35970937, 36043248, 36041432, 36045456, 36043020, 36045929, 36016655, 36045698, 36045878, 36045633, 36037125, 36045868, 36045928, 36045651, 36045646, 36044434, 36039189, 36045031, 36022835, 36045331, 35695786, 36045579, 36042940, 36024697, 36045321, 36045463, 36045927, 36045926, 36042739]
['ratchada', '11:10', '11:20', 36045965, 36045340, 36045832, 36042240, 36045961, 36045442, 36045603, 36045952, 36011313, 36041963, 36045458, 36045715, 36045946, 36045588, 36045718, 36044764, 36045570, 36045904, 36043348, 36045532, 36043248, 36045928, 36045331, 36045463]
['rajdumnern', '11:10', '11:20', 36043260, 36045911, 36039007, 36045698]
['isolate', '11:10', '11:20', 36045948, 36045957, 36045955, 36045826, 36044898, 36045944, 36045569, 36045480, 36045164, 36009886, 36043177]
['social', '11:10', '11:20', 36045963, 36044178, 36045758, 36022991, 36045745, 36040329, 36040080, 36044958, 36032857, 36045531, 36045952, 36044121, 36041956, 36042904, 36045459, 36045945, 36045588, 36040051, 36045260, 36044735, 36042889, 36045829, 35996982, 30049511, 36040752, 36045931, 36045456, 36039189, 35695786]
['religious', '11:10', '11:20', 36044276, 36045531, 36045789, 36041373, 36045430, 36045496, 36045929]
['supachalasai', '11:10', '11:20', 36045759, 36045340, 36038764, 36045563, 36045943, 36044493, 35957703, 36045530, 36045623, 36045842, 36045953, 36043414, 36044190, 36045702, 36045650, 36044088, 36043044, 36045913, 33238143, 36045878, 36045633, 36045646]
['siam', '11:10', '11:20', 36044045, 36043119, 36045531, 36045952, 36045371, 36045865, 36045918, 36045459, 36044977, 36044735, 36044012, 36045912, 36041988, 30049511, 36045104, 36045917, 36045756, 36045105, 36043107, 36043879, 36041923, 33238143, 36045660, 36045931, 36045456, 36022835, 35695786, 36045927]
['lumpini', '11:10', '11:20', 36038764, 36045758, 36045952, 36044121, 36044190, 36045945, 36040173, 36043879, 36043368, 36045878, 36044434, 36042940]
['sinthorn', '11:10', '11:20', 36045643, 36045821, 36045964, 36045758, 36043260, 36045959, 36044958, 36045348, 36045781, 36045949, 36045700, 36045588, 36045785, 36045863, 36045001, 36044944, 36045795, 36044347, 36045932, 36045910, 36045546, 36045868]
['silom', '11:10', '11:20', 36040502, 36044178, 36040378, 36044958, 36045628, 36032857, 36045952, 36042904, 36044977, 36045001, 36045597, 36045265, 33238143, 36039189]
['wahkor', '11:10', '11:20', 36044225, 36045580, 36044811, 36045956, 36034541, 36045682, 36044121, 36045663, 36045715, 36045772, 36045426, 36043061, 36042889, 36043872, 36044944, 36045836, 36037764, 32973181, 36044730, 36043368, 36045698, 36037125]
['library', '11:10', '11:20', 36034541, 36045925, 36043061, 36045941, 30049511, 36045917, 33959232, 36045660, 33961711]
['art', '11:10', '11:20']
