['food', '00:40', '00:50', 36046463, 36048391, 33511128, 36045710]
['greenzone', '00:40', '00:50', 36045593]
['camera', '00:40', '00:50']
['cartoon', '00:40', '00:50', 36047663, 36048223]
['gallery', '00:40', '00:50', 35976814, 36046081, 35983906]
['klaibann', '00:40', '00:50', 36047252, 36048353, 35088022, 36048345]
['jatujak', '00:40', '00:50', 30302679, 36040024]
['chalermkrung', '00:40', '00:50', 36046702, 36047440, 35672435, 36048390, 36031601, 36047818]
['chalermthai', '00:40', '00:50', 36046112, 36044561, 36048061, 36041615]
['family', '00:40', '00:50', 36047634, 36044080, 36044943]
['home', '00:40', '00:50', 36045215, 36035174, 36046423]
['siliconvalley', '00:40', '00:50', 36048488, 36047673, 36048218, 36048370, 36048417, 36047171, 35899208, 36048489, 36041090, 35541271, 36048269, 36047648, 36047647, 36032131, 36047051]
['beauty', '00:40', '00:50', 34090903, 35328199, 36045222, 36048490, 36047203, 36044151, 36047333, 36047825, 35577766, 36043959]
['writer', '00:40', '00:50', 36045647]
['blueplanet', '00:40', '00:50', 36045506, 35976814, 36046081, 36038089, 36048353, 35088022, 36043458, 35983906, 36038138, 36045710, 36048345]
['tvshow', '00:40', '00:50', 36047634, 36047805, 36047435, 36048061, 36045922, 36048147, 36036677]
['bangrak', '00:40', '00:50', 36043107, 36048426, 36048478, 36048487, 36031601, 36048422, 36047918, 36045376, 36024496]
['horoscope', '00:40', '00:50', 36048448, 36044998, 36047983, 36046947]
['pantip', '00:40', '00:50', 30721102]
['region', '00:40', '00:50', 36046081, 36044446, 35541271, 35983906]
['mbk', '00:40', '00:50', 36048325, 36048218, 36048346, 36047183, 36047822, 36047647, 36044938]
['all', '00:40', '00:50', 36043107, 36044283, 36048426, 36047663, 36048488, 34090903, 36046702, 36046463, 36046112, 36048223, 36045215, 36045506, 36047932, 36048481, 36047440, 36048491, 36045518, 36048322, 35976814, 36048391, 36048486, 35328199, 30302679, 36040024, 36048184, 36048325, 36044561, 36047673, 36048218, 36047634, 36047252, 33414294, 36047672, 36048370, 36048417, 36045222, 36047171, 35672435, 36048390, 36046081, 36038089, 36048346, 36048478, 36048487, 36047664, 36048292, 36048490, 33511128, 36047805, 36048448, 36047183, 35899208, 36047203, 36045647, 36044446, 36044998, 36048353, 36048464, 36048489, 36044151, 36047289, 36047312, 36048450, 36047822, 36031601, 36047435, 35325420, 36048061, 36047983, 36047333, 35088022, 36045593, 36045531, 36048085, 36041090, 36048422, 36043458, 36046947, 36041615, 36036213, 36045922, 35541271, 36048147, 36035174, 30721102, 36047918, 36042879, 36048269, 36044080, 35983906, 36047648, 36046423, 36038138, 36047647, 36047818, 36044943, 36044938, 36045710, 36047825, 35577766, 36043959, 36045376, 35742897, 36036832, 36047671, 36032131, 36048345, 36024496, 36036677, 36042954, 36047051]
['ratchada', '00:40', '00:50', 35976814, 36048292, 36044446]
['rajdumnern', '00:40', '00:50', 36047289, 36047312, 36047648, 36047671]
['isolate', '00:40', '00:50', 36048491, 36048450, 36036213, 36042879]
['social', '00:40', '00:50', 36048426, 36047663, 36045506, 36048322, 36047634, 36048292, 36048448, 36048489, 36047333, 36045531, 36047648, 36036832, 36048345]
['religious', '00:40', '00:50', 36044283, 36047983, 36045593, 36045531, 36036832]
['supachalasai', '00:40', '00:50', 36048184, 36047664, 36047825]
['siam', '00:40', '00:50', 36043107, 36047663, 34090903, 36048481, 36048322, 36048486, 36048487, 36048464, 36045531, 36048422, 35541271, 36045376, 35742897]
['lumpini', '00:40', '00:50', 36047663, 36047252, 36048490, 36038138, 36047825, 35577766]
['sinthorn', '00:40', '00:50', 36047932, 36047672, 36048292, 35325420, 36048085, 36047647]
['silom', '00:40', '00:50', 34090903, 36045506, 36045518, 33414294, 36048292, 36038138]
['wahkor', '00:40', '00:50', 36047673, 36047252, 36048292, 36048269, 36042954]
['library', '00:40', '00:50', 36047634, 36048464, 35742897]
['art', '00:40', '00:50']
