['food', '15:40', '15:50', 36038937, 36046607, 36020401, 36043717, 36044788, 36045451, 36023372, 36039449, 36046711, 36045963, 31933330]
['greenzone', '15:40', '15:50', 36030297, 36045593]
['camera', '15:40', '15:50', 36046448, 36046549, 36042071]
['cartoon', '15:40', '15:50', 36046191, 36045871, 36044030, 36043992, 36044390, 36046318, 36046685, 36046047]
['gallery', '15:40', '15:50', 36046714, 36046594, 36042071]
['klaibann', '15:40', '15:50', 36046725, 36046202, 36046388, 36046386, 36046241, 36042011, 36046266]
['jatujak', '15:40', '15:50', 36042729, 36045311, 36045333, 36046711, 36043983]
['chalermkrung', '15:40', '15:50', 36046410, 36038186, 36046574, 36043391]
['chalermthai', '15:40', '15:50', 36046672, 36046719, 36044390]
['family', '15:40', '15:50', 35993181, 36046607, 36045018, 36046720, 36044231, 36044788, 36044080, 36046245, 36046303, 36046342, 36044038, 36041608]
['home', '15:40', '15:50', 36046722, 36046715, 36046400, 36037220, 31727667, 36043464, 36046235, 36046536, 36043601, 36046032, 36043679, 36043872, 36043983, 36044103]
['siliconvalley', '15:40', '15:50', 36046570, 36046191, 36046580, 36046447, 36046323, 36046717, 36045848, 36046399, 36044928, 36044030, 36043316, 36046235, 36046293, 36044874, 36046610, 36046424, 36046709]
['beauty', '15:40', '15:50', 36046242, 36044151, 36042729, 36046718, 36044457, 36044403, 36037220, 31505743, 36045222, 36046319, 36046712]
['writer', '15:40', '15:50']
['blueplanet', '15:40', '15:50', 36045700, 36046725, 36020401, 36040359, 36001604, 36046194, 36044818, 36044136, 36022362, 36045180, 36046696, 36046508, 36040329, 36046303, 36045425, 36046388, 36046386, 36046656, 36046612, 36046266, 36045101, 36046222]
['tvshow', '15:40', '15:50', 36046381, 36046555, 36044936, 35969446, 36043640, 36046299, 36043943, 36046724, 36005223, 36046647, 36046664, 36046672, 36038186, 36044813, 36046575, 36040289, 36046354, 36045881, 36045188, 36046686, 36046583, 36040354]
['bangrak', '15:40', '15:50', 36046666, 36046474, 36046383, 36046721, 36046277, 36044847, 36045696, 36046245, 36043107, 36045074, 36044038, 36045061, 36041608, 36045272, 36045599]
['horoscope', '15:40', '15:50', 36046413, 36046340, 35002913, 36046715, 36046043]
['pantip', '15:40', '15:50', 36046647]
['region', '15:40', '15:50', 36001604, 36046194, 36046594, 36046612]
['mbk', '15:40', '15:50', 36046019, 36041131, 36045890, 36046559, 36044673, 36046320, 36046694, 36045985, 36046716, 36043449, 36046698, 36046421, 36046530]
['all', '15:40', '15:50', 36046666, 36045911, 36046570, 36039113, 36046649, 36046381, 36046555, 36046727, 36046633, 36045348, 36046410, 35999386, 36046191, 36046474, 36046413, 36046340, 36046693, 36044936, 36046019, 35998168, 35969446, 36046448, 36038937, 36045698, 36046242, 36043640, 36041131, 36042517, 36046475, 36045700, 36043177, 36044151, 36046299, 35993181, 36045909, 36046383, 36043943, 36045743, 36046607, 36045018, 36046725, 36045890, 36046724, 36045746, 36046723, 36005223, 36045371, 36020401, 36046456, 36046722, 36040359, 36044863, 36041838, 36043717, 36041959, 36046580, 36046317, 36046559, 36026969, 36046449, 36046721, 36001604, 36044673, 36046646, 36046720, 36045961, 36046379, 36046677, 35486499, 36044231, 36046194, 36046706, 36046277, 36046647, 36042729, 36046664, 36046220, 36044847, 36046466, 36046447, 36046672, 36046323, 36046571, 35002913, 36018542, 36044788, 36044818, 36046719, 36046718, 36046615, 36045451, 36044136, 36044457, 36046163, 36038908, 36038186, 32939836, 36046054, 36046717, 36046302, 36044813, 36046320, 36023372, 36046694, 36044080, 36045985, 36043449, 36046716, 36022362, 36046715, 36046549, 36046689, 36046626, 36044403, 36046202, 36046714, 36045180, 36046080, 36046698, 36045696, 36045848, 36045871, 36046601, 36046399, 36046575, 36040289, 36046669, 36045588, 36045311, 36046701, 36046699, 36044288, 36045842, 36046696, 36022505, 36046574, 36046354, 36046400, 36044928, 36046377, 36046508, 31201656, 36040329, 36044077, 36046245, 36046594, 36046524, 36043107, 36046303, 36046652, 36046671, 36045425, 36044745, 36044030, 36046421, 36046710, 36037220, 36043992, 36044353, 36046144, 36043316, 36039449, 36045881, 31727667, 36043464, 36046235, 36045167, 36044909, 31505743, 36044390, 36046388, 36046318, 36045188, 36045074, 36036308, 36046386, 36030297, 36045672, 36046043, 36045333, 36045593, 36045682, 36046586, 36045789, 36045107, 36046536, 36046342, 36043601, 36046293, 36045885, 36046686, 36046713, 36042773, 36046651, 36029354, 36045845, 36044038, 36046685, 36046656, 36046083, 36046530, 36046583, 36045061, 36046592, 36046695, 36046319, 36046032, 36043679, 36041608, 36046241, 36045772, 36044874, 36038553, 36046712, 36043872, 36042071, 36046610, 36046424, 36046612, 36045272, 36046711, 36042011, 36043983, 36046703, 36046266, 36040354, 36045570, 36045101, 36046214, 36044103, 36046047, 36045633, 36045599, 36046691, 36045963, 36046222, 36041356, 36045502, 36046709, 36043391, 36022465, 36046004, 35999973, 31933330, 36046157]
['ratchada', '15:40', '15:50', 36039113, 36046649, 36044936, 36045961, 36018542, 36044136, 36046302, 36045588, 36046696, 36022505, 36044909, 36029354, 36044038, 36046656, 36045570, 36045502]
['rajdumnern', '15:40', '15:50', 36045911, 36045698, 36045746, 36046157]
['isolate', '15:40', '15:50', 35999386, 36043177, 36041838, 36046706, 36046571, 36046615, 36046699, 36045167, 36036308, 36038553, 36046703]
['social', '15:40', '15:50', 36046666, 35993181, 36046456, 36046580, 36026969, 32939836, 36043449, 36046080, 36045848, 36045588, 36040329, 36043464, 36046386, 36046586, 36046536, 36045885, 36029354, 36045963, 36046004, 36046157]
['religious', '15:40', '15:50', 36046555, 36044077, 36045593, 36045789, 36045885, 36046083]
['supachalasai', '15:40', '15:50', 36039113, 36046727, 36046633, 36046475, 36045909, 35486499, 36046220, 36046466, 36046163, 36038908, 36046669, 36045842, 36046144, 36045107, 36046536, 36045633, 35999973]
['siam', '15:40', '15:50', 36046474, 36046383, 36045371, 36046721, 36045451, 36043107, 36046695, 36041608]
['lumpini', '15:40', '15:50', 36046242, 36046723, 36046317, 36046449, 36046720, 36046379, 36044231, 36046718, 36046054, 36044403, 31201656, 31505743, 36046586, 36046319, 36046712, 36022465]
['sinthorn', '15:40', '15:50', 36045348, 36046693, 36046448, 36042517, 36045700, 36046456, 36041959, 36046317, 36046646, 36046677, 32939836, 36046689, 36046080, 36046601, 36045588, 36046701, 36046524, 36046303, 36046652, 36046671, 36037220, 36044353, 36045672, 36046713, 36042773, 36046651, 36045845, 36046592, 36046691, 36041356]
['silom', '15:40', '15:50', 36042517, 36046317, 36026969, 36045451, 32939836, 36046626, 36046714, 36046080, 36045871, 36046377, 36046303, 36045425, 36044745, 36037220, 36046586, 36046592, 36042011, 36041356]
['wahkor', '15:40', '15:50', 35998168, 36045698, 36046449, 32939836, 36044745, 36046710, 36030297, 36045682, 36045772, 36046711, 36043983, 36046214]
['library', '15:40', '15:50', 36046555, 36045743, 36044288, 36046318, 36030297]
['art', '15:40', '15:50']
