['food', '00:50', '01:00', 36047792, 36048350, 36047418, 36048502, 36048447, 36048362, 36047163]
['greenzone', '00:50', '01:00', 36045593]
['camera', '00:50', '01:00', 36044929]
['cartoon', '00:50', '01:00', 36048277, 36046740]
['gallery', '00:50', '01:00', 36044929]
['klaibann', '00:50', '01:00', 36046228, 36046567, 36047782, 36039160]
['jatujak', '00:50', '01:00', 36048159, 36048493, 36048492]
['chalermkrung', '00:50', '01:00', 36047569, 36048138, 36047337, 36048498, 36046410, 36047991, 36046853]
['chalermthai', '00:50', '01:00', 36041744, 36046672, 36048101]
['family', '00:50', '01:00', 35995869, 36045018, 36047093, 36047615, 36044080]
['home', '00:50', '01:00', 36048198, 36047812]
['siliconvalley', '00:50', '01:00', 36048277, 36048495, 36048198, 36047171, 35897284]
['beauty', '00:50', '01:00', 35996744, 35996540, 36048501, 36047813, 31161320, 35999081]
['writer', '00:50', '01:00', 36047922]
['blueplanet', '00:50', '01:00', 36043458, 35155238, 36046567, 36047385, 35815336, 36047782, 36044929, 36040329, 36045063, 36039160, 36048424]
['tvshow', '00:50', '01:00', 36047922, 36046672, 36047091, 36048500, 36040289, 35815336, 36046625, 34751268, 36046853, 36044965, 36048400, 36047442]
['bangrak', '00:50', '01:00', 36048505, 35996460, 36047093, 36048466, 35971350, 36048373, 36043107, 36047893, 36048497, 36031582, 36048052, 36045376, 34334011, 36048169, 36026256]
['horoscope', '00:50', '01:00', 36048448, 36048100]
['pantip', '00:50', '01:00']
['region', '00:50', '01:00', 36048447, 36048494]
['mbk', '00:50', '01:00', 36048277, 36048197, 36048444, 36048325]
['all', '00:50', '01:00', 36048505, 36048277, 36047792, 36046228, 35995869, 36047223, 36047569, 36047458, 36043458, 35996460, 36047922, 36047635, 36048288, 36048504, 36048448, 36045018, 35996744, 36048138, 36041744, 36047093, 36048466, 36048491, 35996540, 36048495, 35971350, 36048481, 36046672, 35155238, 36048350, 36048373, 36047418, 36047615, 36042574, 36044080, 36048197, 36048503, 36048198, 36047091, 36046567, 36048500, 36048100, 36048502, 36048501, 36047385, 36040289, 36047846, 36043107, 36047337, 36048499, 36048498, 36048378, 36046410, 36046740, 36047893, 36048496, 32861771, 35815336, 36048444, 36048497, 36031582, 36047626, 32568850, 36048447, 36048362, 32085028, 36048052, 35964054, 36047163, 36047171, 36046625, 36045376, 36047991, 36048132, 36048159, 35638041, 34751268, 34334011, 36047782, 36046853, 36048456, 36044929, 36029054, 35897284, 36044965, 36047813, 36047812, 36048169, 36048400, 30084108, 36048494, 36048101, 36040329, 36048493, 36047541, 36045063, 36026256, 36045205, 36045593, 30054363, 36048492, 36039160, 36048424, 36048325, 31161320, 36047442, 35999081]
['ratchada', '00:50', '01:00', 36047635, 36047846, 35638041, 30084108]
['rajdumnern', '00:50', '01:00', 36047223, 36048132, 36047812]
['isolate', '00:50', '01:00', 36048491, 36048499, 36048456]
['social', '00:50', '01:00', 36047635, 36048448, 35971350, 36047615, 36047782, 36040329, 35999081]
['religious', '00:50', '01:00', 36048496, 35964054, 36045593]
['supachalasai', '00:50', '01:00', 36047458, 35638041, 36047541]
['siam', '00:50', '01:00', 35995869, 36048288, 36048466, 35971350, 36048481, 36048373, 36043107, 32861771, 36031582, 32085028, 36048052, 36045376, 34751268, 36029054, 36047813, 36048169, 36048494, 36026256]
['lumpini', '00:50', '01:00', 35996540, 36047163, 36047813, 36048493]
['sinthorn', '00:50', '01:00', 36048505, 36047615, 36048503, 36048378, 36047626, 36048132, 36047813]
['silom', '00:50', '01:00', 36048288, 32085028, 36048132, 36045205]
['wahkor', '00:50', '01:00', 36048504, 36042574, 36044929, 30054363]
['library', '00:50', '01:00', 36047922, 36047091, 32861771, 32568850, 32085028, 34751268, 36029054, 36048494]
['art', '00:50', '01:00']
