['food', '17:30', '17:40', 36044788, 36044752, 36045896, 36045649, 36045710, 36047011, 36042474, 36045451, 36046836, 36046928, 36043842, 36046959, 36045731, 36045357]
['greenzone', '17:30', '17:40']
['camera', '17:30', '17:40', 36041893, 36046024]
['cartoon', '17:30', '17:40', 36044390, 34111300, 36046929, 36046446]
['gallery', '17:30', '17:40', 36045182, 36041893, 36047071, 36047052, 36046976, 36046876]
['klaibann', '17:30', '17:40', 36040051, 36047059, 36046241, 36046567]
['jatujak', '17:30', '17:40', 36045333, 36047070, 36047069, 36046764, 36046976]
['chalermkrung', '17:30', '17:40', 36043644, 36046410, 36046312, 36046574, 36046853, 36046068, 36044217, 36046007, 36046962, 36046813, 36046929, 36031601, 36046071, 36045143]
['chalermthai', '17:30', '17:40', 36044658, 36044390, 36046672, 36009783, 36046281, 36046661, 36044799, 36039865, 36046059, 36046638, 36046929, 36019289]
['family', '17:30', '17:40', 36046881, 36035381, 36046582, 36046773, 36044080, 36044788, 36047021, 36045018, 36046068, 36040051, 36047057, 36046155, 36046776, 36043740, 36041608]
['home', '17:30', '17:40', 36043619, 36046544, 36047070, 36046924, 36047069, 36047067, 36047043, 31741601, 36046782, 36035463, 36043641, 36024955, 36040063]
['siliconvalley', '17:30', '17:40', 36046859, 36046942, 36047062, 36046288, 36047055, 36046323, 36046232, 36046610, 36046944, 36046996]
['beauty', '17:30', '17:40', 36047063, 36043959, 36044151, 36047065, 36046793, 36038185, 36046801, 36019289, 36047042, 36024958]
['writer', '17:30', '17:40']
['blueplanet', '17:30', '17:40', 36045182, 34376153, 36047077, 36046455, 36027621, 36046508, 36047072, 36045801, 36045425, 36047071, 36045700, 36039691, 36047021, 36045896, 36045710, 36046506, 36044799, 36047060, 36046674, 36047059, 36046545, 36043458, 36046565, 36046660, 36047053, 36047052, 36045726, 36028939, 36046876, 36046801, 36046634, 36046567, 36046659, 32455851]
['tvshow', '17:30', '17:40', 36044332, 36046819, 36047030, 35913321, 36047003, 36047075, 36046672, 36019628, 36046238, 36045094, 36044936, 36047025, 36046853, 36047066, 36046770, 36046953, 36044217, 36046390, 36039865, 36046362, 36046865, 36046145, 36046392, 36040354, 36046686, 36046832, 36046948, 36046625]
['bangrak', '17:30', '17:40', 36046881, 36035381, 36047076, 36046869, 36043107, 36040623, 36047064, 36046773, 36046868, 36043537, 35977245, 36047032, 36041541, 35979787, 36047019, 36046027, 36047047, 36044068, 36047018, 36047038, 36046932, 36040953, 36047001, 36047039, 36047041, 36031601, 36046897, 36043740, 36046210, 36047045, 36026256, 36041608]
['horoscope', '17:30', '17:40', 36044224, 36046891, 36038733, 36046413, 36038670, 36043927]
['pantip', '17:30', '17:40', 30721102]
['region', '17:30', '17:40', 36046455, 36047021, 36047058, 36047050, 36043950, 36046893, 36043641]
['mbk', '17:30', '17:40', 36046981, 36046997, 36046950, 36047004, 36046291, 36046698, 36046694, 36047068, 36046941, 36046991, 36034959, 36027643, 36046153, 36046559, 36046789, 35017873]
['all', '17:30', '17:40', 36045182, 35999386, 36046820, 36044224, 36046981, 36044332, 36046859, 36046819, 34376153, 36046946, 36047063, 36045333, 36047030, 36046669, 36045348, 36043644, 36042532, 36044658, 36044390, 36046997, 36046881, 36045504, 35913321, 36046681, 36045646, 36043619, 36046942, 36047003, 36046950, 36040716, 36047077, 36035381, 36047076, 36047075, 36046582, 36046410, 36039085, 36036985, 36046988, 36046672, 36043583, 36046455, 36047074, 35191966, 36046693, 36046891, 36038733, 36046009, 36042477, 36019628, 36043959, 36046869, 36027621, 36046704, 36046238, 36046377, 36047073, 36046508, 36047072, 36043107, 36045801, 36045094, 36046312, 36046940, 36040623, 36041893, 36046990, 36036812, 36044936, 36047064, 36046773, 36047025, 36046000, 36045425, 36046574, 36046853, 36047004, 36045253, 36047071, 36044080, 36046544, 36043177, 36047070, 36046843, 36045700, 36046924, 36046868, 36044788, 36039691, 36047021, 36039139, 34111300, 36043537, 36024585, 36047069, 36045018, 36046764, 36046291, 36046358, 36009783, 36044752, 36046698, 36046694, 35977245, 36047032, 36046068, 36047068, 36047024, 36047067, 36045896, 36039529, 36041541, 36043903, 36045649, 36044151, 36046941, 36045920, 36046281, 36047066, 36046661, 36047065, 36046920, 36046024, 36046991, 36047028, 36046815, 35979787, 36047048, 36047062, 36040051, 36046161, 36046889, 36047019, 36045710, 36046027, 36047043, 36046989, 36040236, 36047047, 36046770, 36047011, 36044068, 36046413, 36046953, 36046506, 36046633, 31741601, 36034959, 36044799, 36042474, 36047061, 36046674, 36047060, 36046873, 36045123, 36046420, 36047059, 36044217, 36045988, 36047058, 36046475, 36045451, 36047018, 36046635, 36046390, 36047038, 36046932, 36046288, 36046484, 36046545, 36046007, 36046962, 36046144, 36047057, 36045809, 36040953, 36043458, 36046811, 36046565, 36038670, 36047056, 36043927, 36047001, 36046836, 36047055, 36046323, 36046014, 30815235, 36039865, 36027643, 36046232, 36046660, 36046782, 36046813, 36046871, 36046564, 36046153, 36046767, 36047039, 36047054, 36046059, 36046918, 36046362, 36047053, 36046793, 36046638, 36046559, 36046799, 36045826, 36046789, 36025242, 36047052, 36046241, 36045726, 36046929, 36045342, 36046865, 36046645, 36035463, 36031601, 36047041, 36046976, 36046114, 36047050, 36046994, 36046155, 36046446, 36045371, 36046145, 36047049, 36046629, 36046392, 36042921, 36046776, 36046571, 36043950, 36046897, 36046928, 36043842, 36028939, 36046610, 36045718, 36047020, 36043740, 36046487, 35318690, 36046608, 36046993, 36040354, 36038185, 36029437, 30721102, 36046876, 35017873, 36046671, 36046686, 36046801, 36046634, 36046210, 36046952, 36046893, 36043260, 36046111, 36047046, 36019289, 36046062, 36047045, 36046832, 36047044, 36046959, 36045731, 36046656, 36043641, 36026256, 36046948, 36046567, 36046659, 36046071, 36046944, 36046812, 36046449, 36041608, 36046933, 36046459, 36046996, 36024955, 32455851, 36045496, 36045357, 36040063, 36046498, 36047042, 36046625, 36047002, 36024958, 36045143]
['ratchada', '17:30', '17:40', 36046820, 36047077, 36039085, 36036985, 35191966, 36046009, 36047073, 36036812, 36044936, 36045253, 36039139, 36045920, 36046815, 36047043, 36046989, 36045988, 36045809, 36046645, 36043950, 36045718, 35318690, 36046608, 36046893, 36046111, 36046656, 36046812, 36046933, 36047002]
['rajdumnern', '17:30', '17:40', 36047074, 36046000, 36046843, 36046920, 36046873, 36047055, 36047050, 36043260, 36047044]
['isolate', '17:30', '17:40', 35999386, 36045504, 36043177, 36047048, 36045123, 36046635, 36045826, 36025242, 36047049, 36046571, 36047046, 36046498]
['social', '17:30', '17:40', 36046820, 36047076, 36046582, 36046869, 36041893, 36047004, 36047067, 36046941, 36047066, 36040051, 36047047, 36046932, 36047057, 36043927, 36046836, 36047055, 36027643, 36047054, 36046789, 36047050, 36042921, 36043950, 36046487, 36043740, 36046952, 36046062, 36046959]
['religious', '17:30', '17:40', 36042477, 36040236, 36044068, 36046811, 36045342, 36046993, 36046062, 36045496]
['supachalasai', '17:30', '17:40', 36046819, 36046669, 36045646, 36043583, 36046704, 36039529, 36046161, 36046633, 36046420, 36045988, 36046475, 36046144, 36045809, 36046014, 36046564, 36047054, 36046645, 36046114, 36046994, 36047020, 36047042]
['siam', '17:30', '17:40', 36047063, 36047076, 36046582, 36043107, 36047064, 36046773, 35977245, 36047024, 35979787, 36044068, 36045451, 36047018, 36046932, 36038670, 36047001, 36047041, 36045371, 36029437, 36046210, 36047045, 36026256, 36041608]
['lumpini', '17:30', '17:40', 36047066, 36046767, 36046793, 36038185, 36046449, 36047042]
['sinthorn', '17:30', '17:40', 36046946, 36045348, 36046681, 36046988, 36047074, 36046693, 36046940, 36046990, 36036812, 36045700, 36046924, 36024585, 36046358, 36043903, 36047028, 36046889, 36040236, 36046484, 36046871, 36046918, 36046629, 36046671, 36043260, 36047044, 36045731, 36046459]
['silom', '17:30', '17:40', 36046681, 36046942, 36040716, 36047074, 36046377, 36045425, 36046868, 36040236, 36047061, 36045451, 36040953, 36047056, 36046836, 30815235, 36046952, 36045731]
['wahkor', '17:30', '17:40', 36042532, 36039085, 36039691, 36043950, 36046449]
['library', '17:30', '17:40', 36040716, 36047074, 36042477, 36047061, 36046799, 36047050, 36046155, 36046062, 32455851]
['art', '17:30', '17:40', 36046929]
