['food', '12:10', '12:20', 36045963, 36042646, 36019199, 36042850, 36029625, 36041185, 36043905, 36038937, 36030737]
['greenzone', '12:10', '12:20', 36043830, 36045850]
['camera', '12:10', '12:20', 36045141, 36043704, 36042460, 36026925, 36045622, 36045970, 36046096, 36045979, 36040821]
['cartoon', '12:10', '12:20', 36046020, 34796713, 36046113, 36045208, 36046099, 36046047]
['gallery', '12:10', '12:20', 36045141, 36046126, 36045182]
['klaibann', '12:10', '12:20', 36046108, 36045934, 36045814, 36044316]
['jatujak', '12:10', '12:20', 36045333, 36032487, 36045853, 30603503, 36036381, 36044605, 36034613]
['chalermkrung', '12:10', '12:20', 36037005, 36044658, 35967051, 36043665, 36044892, 36041481, 36046068, 36046110, 36028317, 36045962, 36045277]
['chalermthai', '12:10', '12:20', 34796713, 36046113, 36044658, 36045208, 36045363, 36045861, 36043665, 36026054, 36046059]
['family', '12:10', '12:20', 36045830, 36044636, 36045671, 36043967, 36043038, 36045597, 36046121, 36043905, 36046068]
['home', '12:10', '12:20', 31571608, 36045888, 36044185, 36045232, 33558579, 36046066, 36045597, 36045897, 36033220, 36045869, 36044865, 36045204, 36045111, 36045535, 36032739]
['siliconvalley', '12:10', '12:20', 36044886, 36045799, 36046038, 36045958, 36046090, 36045875, 36046012, 36040939, 36045720, 36042637, 36044947, 36046116]
['beauty', '12:10', '12:20', 36045640, 35959424, 36044714, 36045878, 36044151, 36043309, 36045834]
['writer', '12:10', '12:20', 36045324, 36046124]
['blueplanet', '12:10', '12:20', 35997039, 36039502, 36046134, 36045830, 36044818, 36032214, 36046108, 36045966, 36046128, 36045934, 36046126, 36046121, 36045182, 36021642, 36045700, 36041185, 36046070, 36044316]
['tvshow', '12:10', '12:20', 36045321, 36043764, 36044936, 36037610, 36044544, 36046037, 36046120, 36045922, 35965407, 36045861, 36026054, 36045390, 36044952, 36045419, 36046089]
['bangrak', '12:10', '12:20', 36045328, 36045867, 36046027, 36031998, 36045263, 36046061, 36046133, 36045918, 36045671, 36045862, 36043967, 36046045, 36044585, 36040610, 35900642, 35775622, 36045997, 36044178]
['horoscope', '12:10', '12:20', 36039025, 35002913, 36045080, 36046133, 36045185, 36045471, 36046119, 36045687, 36045997]
['pantip', '12:10', '12:20']
['region', '12:10', '12:20', 36045618, 36043830, 36043950, 36042850, 36046098, 32974536, 36046121, 36044446, 36034613]
['mbk', '12:10', '12:20', 36046137, 36044886, 36045799, 36046077, 34989088, 36046038, 36046090, 36045878, 36045641, 36046122, 36045792, 36046012, 36045443, 36045720, 36046057, 36045187, 36041864]
['all', '12:10', '12:20', 36039025, 35997039, 36046137, 36044152, 35002913, 36045328, 36045348, 36046020, 36045618, 36045324, 36045772, 34796713, 36045867, 36045963, 36045917, 36045107, 36045321, 36045640, 31571608, 36044886, 36045888, 31846861, 36043830, 35959424, 36042646, 36043764, 36045423, 36045858, 36045269, 36045911, 36046034, 36046134, 36045570, 36045621, 36045830, 36044818, 36019199, 36037005, 36046027, 36046136, 36045746, 36045799, 36031998, 36032214, 36045335, 36044185, 36045916, 36045263, 36045784, 36045531, 36046077, 36044936, 36045974, 36044714, 36046113, 36033848, 36046108, 35874294, 36044372, 36045975, 36046135, 36043321, 36046083, 32036009, 34989088, 36046038, 36044249, 36045080, 36045141, 36045232, 36042574, 36032487, 36046093, 36045860, 36045958, 36043704, 36043950, 36044658, 36046061, 36043911, 36046133, 36046132, 36042460, 36042850, 36045945, 36046098, 36045966, 36045185, 36044636, 36037610, 35967051, 36045208, 36044544, 36045037, 36045517, 36045918, 36045698, 36046037, 36045759, 36046090, 36045363, 36045671, 33558579, 36046130, 36045878, 36044745, 36045646, 36043820, 36045545, 36045862, 36045976, 36044002, 36046129, 36043967, 36046000, 36046120, 36046128, 36045288, 36045853, 36046092, 36045934, 36040502, 36045471, 36045066, 36046099, 36046124, 36045641, 36045959, 36046126, 36046045, 36044012, 36046125, 36043038, 36045885, 36040771, 36027000, 36046123, 36043583, 36043248, 31098841, 36046122, 36045814, 36045035, 36045492, 36045922, 36045943, 36026925, 32974536, 36045792, 35965407, 36045875, 30603503, 36045622, 36044585, 36045861, 36045597, 36046066, 36035714, 36043578, 36046073, 36046012, 36046121, 36040610, 36040939, 36043665, 36045443, 36029625, 36045897, 36045720, 36033220, 36043516, 36046119, 36045588, 36041867, 36044892, 36044151, 36045836, 36044446, 36043309, 36045182, 36046118, 36021642, 36045834, 36045700, 36041481, 36041185, 36045869, 36043905, 36046117, 36044865, 36045525, 36045964, 36045577, 36046057, 36026054, 36046068, 35900642, 36028564, 36036381, 36045687, 36023787, 36042637, 36046110, 36038937, 36044947, 36046047, 36045187, 36045371, 36045970, 36028317, 36046070, 36030737, 36044795, 36045390, 36043962, 36045204, 36044605, 35775622, 36046116, 36045211, 36044952, 36045997, 36046115, 36041864, 36045962, 36045546, 36045111, 36045709, 36045535, 36045818, 36046114, 36044178, 36046059, 36045745, 36044316, 36045419, 36045277, 36046089, 36046096, 36045979, 36034613, 36045850, 36032739, 36040821]
['ratchada', '12:10', '12:20', 36045570, 36045916, 36044936, 36033848, 36046108, 36044372, 36044249, 36043950, 36045966, 36044002, 36045288, 36027000, 36043248, 36026925, 36043665, 36045588, 36044446, 36045577, 36045211]
['rajdumnern', '12:10', '12:20', 36044152, 36045911, 36045746, 36043321, 36045698, 36046000, 36045492]
['isolate', '12:10', '12:20', 35874294, 36046132, 36046123, 36046117, 36045525]
['social', '12:10', '12:20', 36044152, 36045963, 36042646, 36046034, 36045531, 36044372, 36043950, 36045945, 36043820, 36045976, 36045066, 36045885, 36045035, 36045897, 36045720, 36045588, 36041864, 36044178, 36045745]
['religious', '12:10', '12:20', 36045531, 36046083, 32036009, 36045885, 36040771, 36028564, 36043962, 36045850]
['supachalasai', '12:10', '12:20', 36045107, 36045621, 36043911, 36045759, 36045878, 36045646, 36046092, 36043583, 36045943, 36035714, 36043516, 36043309, 36044795, 36046114]
['siam', '12:10', '12:20', 36045618, 36045917, 36045531, 36045975, 36045860, 36046098, 36045862, 36044012, 36045814, 36045035, 36046119, 36044151, 36046118, 35900642, 36023787, 36045371, 36046115]
['lumpini', '12:10', '12:20', 36045269, 36044714, 36046061, 36045945, 36046130, 36045878, 36045976, 36043309, 36044795]
['sinthorn', '12:10', '12:20', 36045348, 36045858, 36046136, 36046135, 36046093, 36045037, 36045517, 36044002, 36045959, 36046125, 36027000, 31098841, 36046066, 36043578, 36046073, 36045588, 36041867, 36045700, 36045964, 36045204, 36045546, 36045818]
['silom', '12:10', '12:20', 36042646, 36045974, 36044249, 36044745, 36040502, 36045066, 31098841, 36045597, 36044151, 36044178]
['wahkor', '12:10', '12:20', 36045772, 36043830, 36045423, 36045335, 36042574, 36043950, 36045698, 36044745, 36045545, 36045976, 36045836]
['library', '12:10', '12:20', 36045618, 36045917, 31846861, 36045784, 36045860, 36046098, 36046129, 36046119, 36046118, 36023787, 36045709]
['art', '12:10', '12:20']
