['food', '23:10', '23:20', 36048303, 36044588]
['greenzone', '23:10', '23:20', 36048309, 36047295]
['camera', '23:10', '23:20', 36048311, 36046234, 36041893, 36047095, 36045299, 33446197, 36047347, 36047122, 36047917, 36046878, 36047598]
['cartoon', '23:10', '23:20', 36041844, 36048277, 36046771]
['gallery', '23:10', '23:20', 36048311, 36041893, 33446197, 36046679, 36047917]
['klaibann', '23:10', '23:20', 36045882, 36046202, 36031112, 36046228, 36047863, 36044588]
['jatujak', '23:10', '23:20', 35577784, 36041133, 36044153, 36047070]
['chalermkrung', '23:10', '23:20', 36047569, 36047557, 36041844, 36048134, 36047683, 36048177, 36047991, 36047818, 36047511, 36047120, 36048242, 36047665, 36048080, 36048138, 36048062]
['chalermthai', '23:10', '23:20', 35995827, 36048061, 36041844, 36048294, 36047567, 36048291, 36047954]
['family', '23:10', '23:20', 36041432, 36041608, 36047666, 36046189, 36048278]
['home', '23:10', '23:20', 36047463, 36036139, 36019616, 36047070, 36040133]
['siliconvalley', '23:10', '23:20', 36047710, 36048284, 36045039, 36047961, 35930844, 36048220, 36048293, 36046441, 36048287, 36047189, 36047475, 36046507, 36048277, 36047510, 36046992, 36047636]
['beauty', '23:10', '23:20', 36048232, 36047623, 36046798, 36041500, 36048295, 36047813, 36045222, 36048283, 35918063]
['writer', '23:10', '23:20', 36047938]
['blueplanet', '23:10', '23:20', 36047327, 36045882, 36048112, 36048304, 36046386, 36044818, 33446197, 36046679, 36048295, 36047723, 36047917]
['tvshow', '23:10', '23:20', 36048255, 36048061, 36047399, 36048307, 36047938, 36043871, 36048176, 36048270, 35577784, 36028920, 36047275, 36038631, 35917459, 35925691, 36046219, 36040354, 36047120, 36048167, 36047640, 36047712, 36044936, 36048281, 36048074, 36047933]
['bangrak', '23:10', '23:20', 36041432, 36026256, 36043107, 36048153, 36048052, 36048300, 36041608, 36047666, 36048290, 36048265, 36031582, 36048244, 36047508, 36048250, 36045247, 36048289, 36046868, 36048256, 36047620, 36048286, 36047575, 36047804, 36048282, 35695786, 36048178, 36048266, 36044532, 36048278, 36048082]
['horoscope', '23:10', '23:20', 36047983, 36047364, 36048100, 36047767, 36047639, 36047832, 36036872, 36048280, 36046891]
['pantip', '23:10', '23:20']
['region', '23:10', '23:20', 36047295, 36047327, 36048260, 36048297, 36047917]
['mbk', '23:10', '23:20', 36048310, 36048308, 36045039, 36047517, 36047961, 36048185, 36047822, 36047183, 36047645, 36046698, 36047475, 36048277, 36047598, 36048083]
['all', '23:10', '23:20', 36048232, 36047463, 35995827, 36047983, 36048311, 36048255, 36045758, 36047710, 36048284, 36048205, 36048310, 36047988, 36046234, 36047862, 36041432, 36048061, 36047671, 36048309, 36048222, 36047569, 36045531, 36030558, 36047295, 36048308, 36047399, 36047327, 36036139, 36048307, 36042165, 36046048, 36026256, 36047557, 36047938, 36045882, 36047223, 36047678, 36041893, 36048161, 36045039, 36043871, 36043107, 35992395, 36048260, 36047517, 36041844, 36048112, 36048134, 36047095, 36047364, 36047623, 36046798, 36048306, 36047683, 36048305, 36048153, 36048303, 36048304, 36048302, 36048177, 36046202, 36048176, 36048100, 36048270, 36047961, 36048052, 36047767, 36046386, 36048301, 36048163, 36047991, 36047044, 36048300, 35577784, 36048297, 36019616, 36045299, 36041608, 36046831, 36028920, 36043431, 36047666, 36046786, 35472240, 36047275, 35930844, 36048299, 36048298, 36041133, 36038631, 36047706, 36044283, 36044818, 36047818, 36041500, 36046449, 36047511, 36048290, 36041356, 36047920, 36048187, 36048185, 33446197, 35917459, 35925691, 36048296, 36048220, 36047347, 36048265, 36047621, 36046679, 36027287, 36048295, 36047822, 36046219, 36040354, 36048294, 36047567, 36031582, 36047122, 36047183, 36047120, 36048054, 36048244, 36043037, 36048243, 36047322, 36048293, 36048285, 36048248, 36047723, 36047508, 36048291, 36047917, 36044153, 36046214, 36046441, 36048292, 36047070, 36048250, 36048242, 36045247, 36047556, 36044249, 36046633, 36048110, 36048184, 36048289, 36046868, 36034541, 36048288, 36048256, 36047656, 36047639, 36048287, 36048210, 36047832, 36047620, 36048286, 36047645, 36047665, 36048167, 36031112, 35920356, 36047575, 36048080, 36040133, 36036872, 36048138, 36047813, 36045546, 36047189, 36046698, 36047627, 36045222, 36047640, 36047633, 36048062, 36047475, 36046228, 36047804, 36046878, 36048283, 36047712, 36048282, 36046189, 35695786, 36047863, 36048178, 36044936, 36048281, 36046507, 36044588, 36048266, 36048277, 36044532, 36048280, 36048279, 36047510, 36047954, 36048278, 36048082, 36046992, 36048074, 36047933, 36047636, 36048141, 36046891, 36047598, 35918063, 36048083, 36046771, 36048276, 36048132]
['ratchada', '23:10', '23:20', 36047295, 36036139, 36046831, 36048294, 36044153, 36048292, 36047556, 36044249, 36047575, 36047627, 36047863, 36044936, 36048141]
['rajdumnern', '23:10', '23:20', 36047671, 36047223, 36047044, 36047706, 36048132]
['isolate', '23:10', '23:20', 35992395, 36048306, 36048296, 36027287, 36048243, 35920356]
['social', '23:10', '23:20', 36045758, 36045531, 36036139, 36041893, 36047623, 36046386, 36048301, 36047666, 36048292, 36048210, 36048286, 36047645, 36047575, 35695786, 36047863, 36048278, 36048276]
['religious', '23:10', '23:20', 36047983, 36048222, 36045531, 36048260, 36047767, 36044283]
['supachalasai', '23:10', '23:20', 36043431, 36048054, 36046633, 36048184, 36048110, 36047633, 36048141]
['siam', '23:10', '23:20', 36048284, 36048309, 36045531, 36030558, 36042165, 36026256, 36048161, 36043107, 36041844, 36048305, 36048153, 36048052, 36048300, 36041608, 36047666, 36048299, 36048290, 36048265, 36031582, 36048244, 36047120, 36047508, 36048250, 36048288, 36047620, 36048286, 36036872, 36047813, 36048282, 35695786, 36048178, 36048266, 36048279, 36048082, 36048276]
['lumpini', '23:10', '23:20', 36045758, 36048284, 36046798, 35472240, 36046449, 36047813, 36048278, 35918063]
['sinthorn', '23:10', '23:20', 36045758, 36047988, 36047327, 36047678, 36048163, 36047044, 35930844, 36048298, 36041356, 36047920, 36048187, 36047322, 36048292, 36047656, 36045546, 36047813, 36048276, 36048132]
['silom', '23:10', '23:20', 36047862, 36047678, 36047623, 36048301, 36046786, 36048298, 36041356, 36048285, 36048292, 36044249, 36046868, 36048288, 36046992, 36048132]
['wahkor', '23:10', '23:20', 36048284, 36048205, 36046048, 36046449, 36048248, 36046214, 36048292, 36046441, 36034541]
['library', '23:10', '23:20', 36030558, 36042165, 36047678, 36048305, 36048302, 35577784, 36047621, 36043037, 36034541, 36031112, 36047640, 36047712, 36047863]
['art', '23:10', '23:20', 36047295, 36046878]
