['food', '00:30', '00:40', 33511128, 36045896, 36045731, 36044788, 36048391]
['greenzone', '00:30', '00:40']
['camera', '00:30', '00:40']
['cartoon', '00:30', '00:40', 36031102, 36047116, 36048480]
['gallery', '00:30', '00:40']
['klaibann', '00:30', '00:40', 36048484]
['jatujak', '00:30', '00:40', 36045580]
['chalermkrung', '00:30', '00:40', 36047840, 36047120, 36047818, 36041481, 36047548, 36048080, 36048485, 35980125]
['chalermthai', '00:30', '00:40']
['family', '00:30', '00:40', 36040455, 36044788, 36044943, 36041608]
['home', '00:30', '00:40', 36035174, 36041839]
['siliconvalley', '00:30', '00:40', 36047382, 36048488, 36047896, 36047171, 36046233, 36048443, 36047673]
['beauty', '00:30', '00:40', 35577766, 36040455, 36048133, 36047819, 36048046, 36043959, 32103882, 36048475]
['writer', '00:30', '00:40', 36048468]
['blueplanet', '00:30', '00:40', 36041833, 36038089, 36047617, 36032727, 36043458, 36048484, 36048252, 36047385, 36048436, 36044460, 36048424, 36045506]
['tvshow', '00:30', '00:40', 35984500, 36047120, 36047845, 36048465, 36048485, 36048482, 36045922, 36044936, 36047118]
['bangrak', '00:30', '00:40', 35486000, 36045376, 36048487, 36048328, 36048373, 36047032, 36048153, 36048469, 36046339, 36048478, 36047504, 36041608, 36047465, 36048265]
['horoscope', '00:30', '00:40', 36047639]
['pantip', '00:30', '00:40', 30484653]
['region', '00:30', '00:40', 36047617, 36048252, 32103882]
['mbk', '00:30', '00:40', 36048441, 36047589, 35468471, 36048471, 36048483, 36047822, 36048477, 36048185]
['all', '00:30', '00:40', 36048481, 36041833, 36044283, 35486000, 36038089, 36038423, 36047664, 30484653, 36047382, 36048488, 36047840, 36045745, 36045376, 35984500, 36047906, 36047896, 36047120, 35577766, 36048487, 33511128, 36047600, 36045920, 36048441, 36047171, 35507125, 36035174, 36048199, 36048486, 36047617, 36047764, 36032727, 36047818, 36048328, 36048479, 36031102, 36047589, 36045896, 36040455, 36041481, 36047845, 36047548, 36048465, 36046233, 35468471, 36048133, 36048471, 36045731, 36043458, 36044788, 36048187, 36048373, 36048443, 36041839, 36044024, 36047116, 36036832, 36048080, 36046102, 36048485, 36048391, 36047032, 36048484, 36048252, 36048483, 36048482, 36046846, 36047458, 36048468, 36048153, 36046786, 36047822, 36047367, 36047385, 36048436, 36044460, 36048424, 36047819, 36047378, 36048469, 36045922, 36048480, 36046339, 36048478, 36048046, 36048184, 36044943, 36043959, 36047673, 36048381, 36048477, 31118387, 36047318, 36047504, 36041608, 36044936, 36047465, 36047386, 36047118, 36047639, 36012331, 32103882, 36046161, 36048476, 35980125, 36048029, 36048475, 36048185, 36045580, 36048265, 36045506]
['ratchada', '00:30', '00:40', 36045920, 36044936, 36012331, 36048476]
['rajdumnern', '00:30', '00:40']
['isolate', '00:30', '00:40', 36047764]
['social', '00:30', '00:40', 36038423, 36045745, 36047906, 36036832, 36046102, 36048469, 36046339, 36048381, 36047465, 32103882, 36045506]
['religious', '00:30', '00:40', 36044283, 36038423, 36032727, 36036832]
['supachalasai', '00:30', '00:40', 36047664, 36048199, 36048465, 36047458, 36047367, 36047378, 36048184, 36047318, 36012331, 36046161, 36048476, 36048029]
['siam', '00:30', '00:40', 36048481, 35486000, 36045376, 36047906, 36047120, 36048487, 36047600, 35507125, 36046233, 36048373, 36048153, 36048469, 31118387, 36047504, 36041608, 36047465, 32103882, 36048265]
['lumpini', '00:30', '00:40', 35577766, 36040455]
['sinthorn', '00:30', '00:40', 36048479, 36048187, 36046846, 36048381]
['silom', '00:30', '00:40', 36045731, 36046786, 36048381, 36047386, 35980125, 36045506]
['wahkor', '00:30', '00:40', 36044024, 36047673, 32103882, 36045580]
['library', '00:30', '00:40', 36048468]
['art', '00:30', '00:40', 36047896]
