['food', '20:20', '20:30', 36015372, 36047216, 36030981, 36047344, 34741543, 36046829, 36044819, 36044588]
['greenzone', '20:20', '20:30', 36045593, 36047216]
['camera', '20:20', '20:30', 36047212, 36047544, 36047336, 36044929, 36047347, 36045412]
['cartoon', '20:20', '20:30', 36047663, 36045208, 36045883, 36024211, 36038420, 36043597, 36032675, 33635866]
['gallery', '20:20', '20:30', 35976814, 36047052, 36047544, 36044929, 36046731]
['klaibann', '20:20', '20:30', 36047415, 36046567, 36046829, 36047252, 36045894, 36044588, 36040051]
['jatujak', '20:20', '20:30', 36047339, 36045333, 36047641, 36046731]
['chalermkrung', '20:20', '20:30', 36047618, 36047167, 36015372, 36047561, 36046853, 36047569, 36047548, 36042924, 36047242, 36039157, 36047502, 36046056, 36029469, 36047557]
['chalermthai', '20:20', '20:30', 36045208, 36015372, 35995967, 36041666, 36044914, 36046672, 36047412]
['family', '20:20', '20:30', 36044636, 36015372, 36044038, 36047634, 36047615, 36044943, 36041432, 36046189, 36047401, 36000613, 36042924, 36045572, 36041849, 36040051, 36045024, 36047632, 36041608]
['home', '20:20', '20:30', 36047216, 36031525, 36045096, 36047650, 36047644, 36043641]
['siliconvalley', '20:20', '20:30', 36047647, 36047648, 36047636, 36026641, 32009567, 36047230, 36047427, 36047646, 36047131, 36047550, 36046780, 36046447, 36047352, 36044874, 36047381, 36047325, 36045412, 36047475]
['beauty', '20:20', '20:30', 36047488, 36044159, 36044151, 36027034, 36039157]
['writer', '20:20', '20:30', 36044411, 36044267]
['blueplanet', '20:20', '20:30', 36042866, 36047385, 36046567, 35976814, 36047052, 36047327, 36039189, 36044929, 35940618, 36047460, 36046905, 36046731, 36042777]
['tvshow', '20:20', '20:30', 36047435, 36047213, 36047659, 36047447, 36044812, 36015372, 36046853, 36046770, 36047634, 36036971, 36045922, 36047118, 36039189, 36040354, 36047573, 36042924, 36047091, 36046672, 36039157, 36047195, 36047640, 35890400]
['bangrak', '20:20', '20:30', 36047430, 35977245, 36019610, 36044038, 36039592, 36047047, 36047415, 36046511, 36047506, 36047581, 36047658, 36047465, 36041432, 36047448, 36047597, 36047620, 36047401, 36047553, 36047575, 36047616, 36042924, 36031582, 36047248, 35695786, 36047129, 36046666, 36047508, 36047628, 36047630, 36041608, 36004797, 36045181]
['horoscope', '20:20', '20:30', 36047639, 36047516, 36046891, 36031525, 36047364, 36044881, 36045452, 36034615, 36035082, 36043521]
['pantip', '20:20', '20:30', 36035550]
['region', '20:20', '20:30', 36047327, 36043641, 36047460, 36044851, 36044446]
['mbk', '20:20', '20:30', 36047513, 36047647, 36046077, 36047602, 36046864, 36047645, 36047272, 36044552, 36047605, 36047230, 36047477, 36047655, 36047079, 36047183, 36045556, 36043384, 36047646, 36047360, 35994603, 36047585, 36047631, 36047475]
['all', '20:20', '20:30', 36047184, 36047663, 36046994, 36047201, 36045208, 36047488, 36047430, 35977245, 36047662, 36047435, 36047639, 36047513, 36047596, 36047618, 36047647, 36046077, 36047167, 36047044, 36047213, 36047659, 36047602, 36047447, 36045348, 36044812, 36044159, 36045371, 36046811, 36044636, 36047661, 36039007, 36019610, 36047420, 36015372, 36047212, 36046864, 36043808, 36047561, 36044038, 36044411, 36047660, 36046853, 36045593, 36047314, 36047516, 36038403, 36047238, 36047638, 36046770, 36039592, 36045772, 36045883, 36047047, 36047415, 36047634, 36047132, 36044151, 36047216, 36046511, 36047355, 36047506, 36047645, 36047102, 36047008, 36047272, 36047581, 36047458, 36027034, 36047569, 36047648, 36047658, 36046891, 36047244, 36047657, 36042866, 36047339, 36047465, 36047385, 36047548, 36044267, 36047223, 36047636, 36024211, 36047615, 36047656, 36036971, 36031525, 36047643, 36030981, 36038104, 36046567, 36026641, 36044943, 36045922, 32009567, 36045096, 36044552, 35976814, 36047621, 35995967, 36047605, 36047364, 36044881, 36047230, 36041432, 36046623, 36046931, 36047052, 36047448, 36047118, 36047477, 36045925, 36047344, 36045333, 36047597, 36046189, 36047620, 36030420, 34741543, 36047327, 36047401, 36047655, 36047654, 36047653, 36046829, 36047553, 36047575, 36038420, 36047079, 36041666, 36047183, 36047652, 36045113, 36047614, 36047651, 36047252, 33991547, 36047427, 36047616, 36044819, 36047650, 36045556, 36028885, 36043384, 36047649, 36047544, 36047637, 36027702, 36045894, 36045920, 36044914, 36039189, 36047646, 36000613, 36044588, 36040354, 36047087, 36043597, 36047180, 36045452, 36047644, 36043641, 36047262, 36047604, 36047166, 36047573, 36042924, 36047242, 36047336, 36047627, 36041849, 36045572, 36046377, 36047131, 36032675, 36031582, 36047360, 36035550, 36047248, 35999505, 35695786, 36047642, 36044929, 36047347, 36047091, 36041052, 36046672, 36045305, 36047129, 35994603, 36038908, 36046934, 36039157, 36047641, 36047550, 36040051, 36046666, 36046780, 33635866, 36047585, 36034615, 36044121, 36047640, 36047195, 36047502, 36046447, 35940618, 36047460, 36046056, 36044283, 36046905, 36029469, 36035082, 36037457, 36044874, 36047352, 36047412, 36045024, 36046731, 35913292, 36040430, 36047381, 36047508, 36047523, 36044087, 36047421, 36042777, 36047635, 36047628, 36047633, 36047630, 36046812, 36047325, 36045412, 36044851, 36042315, 36043521, 35890400, 36047632, 36047612, 36047557, 36047631, 36046633, 36041608, 36046466, 36004797, 36046727, 36047533, 36047629, 36044446, 36047577, 36045181, 36047475]
['ratchada', '20:20', '20:30', 36047184, 36047662, 36047212, 36044038, 36047132, 35976814, 36047575, 36045920, 36047087, 36047180, 36047627, 36037457, 36042777, 36047635, 36046812, 36042315, 36044446]
['rajdumnern', '20:20', '20:30', 36047044, 36039007, 36047420, 36047638, 36047648, 36047223, 36047614, 36047533]
['isolate', '20:20', '20:30', 36047660, 36030420, 36047654, 36028885, 36047612]
['social', '20:20', '20:30', 36047663, 36047238, 36047047, 36047415, 36047634, 36047645, 36047581, 36047648, 36047658, 36047465, 36047615, 36047643, 36038104, 36045096, 36044552, 36046931, 36047575, 36047079, 36047652, 33991547, 36039189, 36047087, 35695786, 36040051, 36046666, 36045024, 36040430, 36047635, 36047632]
['religious', '20:20', '20:30', 36046811, 36045593, 36047355, 36047008, 36047344, 36044283, 36040430]
['supachalasai', '20:20', '20:30', 36046994, 36047201, 36047213, 36047458, 36047653, 36047637, 36038908, 36047633, 36046633, 36046466, 36046727, 36047629]
['siam', '20:20', '20:30', 36047663, 36047430, 35977245, 36047596, 36045371, 36047661, 36047238, 36047415, 36047506, 36047658, 36047465, 36047643, 32009567, 35995967, 36047448, 36047620, 36047553, 36045113, 36027702, 36047166, 36047131, 36031582, 35999505, 35695786, 36047642, 36047129, 36047508, 36044087, 36047421, 36047628, 36047630, 36044851, 36041608, 36004797, 36047577]
['lumpini', '20:20', '20:30', 36047663, 36047488, 36027034, 36047658, 36047643, 36046829, 36047252, 36044121, 36047629]
['sinthorn', '20:20', '20:30', 36047662, 36047647, 36047044, 36045348, 36047314, 36047102, 36047339, 36047615, 36047656, 36046623, 36047327, 36043384, 36047649, 36046934, 36047523, 36047421, 36047632]
['silom', '20:20', '20:30', 36047420, 36047314, 36024211, 36039189, 36047166, 36046377, 36041052, 36047632]
['wahkor', '20:20', '20:30', 36043808, 36038403, 36045772, 36047244, 36030981, 36047614, 36047252, 36047651, 36047604, 36044929, 36045305, 36047352, 35913292]
['library', '20:20', '20:30', 36047596, 36015372, 36043808, 36047238, 36047634, 36047657, 36044267, 36047621, 36045925, 36047651, 36047262, 36047091, 36045305, 36047640, 36047412, 36047632]
['art', '20:20', '20:30', 36044087]
