['food', '20:40', '20:50', 36047216, 36045757, 36047737, 36045710, 36047728, 36046556, 36015372, 33542524, 33383562, 36047681, 36045960, 36046829]
['greenzone', '20:40', '20:50', 36047216, 36045593]
['camera', '20:40', '20:50', 36047733, 36047722]
['cartoon', '20:40', '20:50', 36045208, 36047742, 36046588, 36047527]
['gallery', '20:40', '20:50', 36033469, 36046556, 36046679]
['klaibann', '20:40', '20:50', 36046613, 36047744, 36046010, 36047731, 36047252, 36046829]
['jatujak', '20:40', '20:50', 36045333, 36046167, 36045930, 36047339]
['chalermkrung', '20:40', '20:50', 36047569, 36046410, 36047561, 36045143, 36047502, 36028221, 36047440, 36047178, 36047337, 36047726, 36015372, 36047167, 36047511, 36047717, 36044393, 36045174, 32263864]
['chalermthai', '20:40', '20:50', 36047027, 36045208, 36028221, 36047567, 36037526, 36015372, 36046672, 36047412]
['family', '20:40', '20:50', 36047610, 36041608, 36047739, 36047666, 36046189, 36047632, 36015372, 36047634, 36046760, 36044678, 36047346, 36044636, 36044943, 36046881, 36046978]
['home', '20:40', '20:50', 36047650, 36047146, 36047216, 36047425, 36046167, 35406663, 36045930, 36041839, 36041692, 36044405, 36047704]
['siliconvalley', '20:40', '20:50', 36034344, 36047207, 36046399, 33149513, 36047732, 36047051, 36047230, 36047510, 36047302, 36047189, 36047427, 36047475, 36047647, 36042763, 36047325, 36047636, 36047673, 36047710, 36047535]
['beauty', '20:40', '20:50', 36047735, 36047744, 36047215, 36046798, 34566813, 35767624, 36047488, 33383562, 36044159, 36047623, 36008015, 35984352, 36027081, 36044151]
['writer', '20:40', '20:50', 36045319]
['blueplanet', '20:40', '20:50', 36033469, 36046613, 36047136, 36047741, 36047733, 36046010, 36046194, 36045710, 36047705, 36041253, 36047707, 36046679, 36047723, 36047385, 36047702, 36047460, 36046987, 36047327, 36047718, 36043495, 36047468, 36044818, 36038138, 36047708, 36046925]
['tvshow', '20:40', '20:50', 36047447, 36047213, 36047573, 36047659, 35992637, 36047690, 36047377, 36047560, 36044042, 36047719, 36047726, 36047134, 35999342, 36015372, 36047634, 36046063, 36046672, 36046354, 36044758, 35989216, 36047712, 36044393, 36046770, 36047680, 36045217, 36044936]
['bangrak', '20:40', '20:50', 36047745, 36047410, 35621384, 36047597, 36041608, 36047430, 36047666, 36047715, 36046733, 36047727, 36044847, 35548687, 33646171, 36047703, 36047628, 36012636, 36047721, 36046760, 36041541, 36047317, 36044678, 36047508, 36047620, 36045376, 36047716, 36047553, 36047035, 35980044, 36046881]
['horoscope', '20:40', '20:50', 36047364, 36047639, 36047740, 35984462, 36047516, 36047394]
['pantip', '20:40', '20:50', 36047429, 36047559]
['region', '20:40', '20:50', 36047740, 36047733, 36044851, 36046194, 36047705, 36047702, 36047460, 36047327, 36047718, 36043495, 36047681, 36047704, 36045908]
['mbk', '20:40', '20:50', 36047714, 36047694, 36046563, 36047738, 36046332, 36047230, 36047068, 36047729, 36047475, 36045733, 34230076, 36046789, 36047631, 36046514, 36047647, 36047477, 35994603, 36044506, 36042763, 36044552, 36047588, 36042170]
['all', '20:40', '20:50', 36047745, 36034344, 36047569, 36047027, 36033469, 36047447, 36047650, 36047213, 36046410, 36046420, 36047714, 36046613, 36047561, 36047621, 36047410, 36047735, 36047146, 36047207, 36046399, 36047730, 36045143, 36047744, 36047502, 35621384, 36047610, 36015708, 36047573, 36047215, 36047597, 36047136, 36047364, 36047593, 36047639, 36045208, 36047420, 36047633, 36047692, 36047659, 35992637, 36047216, 36045465, 36040236, 36047694, 36045757, 36046798, 36028221, 36045026, 33649583, 36047742, 33149513, 36047600, 36041608, 36046563, 36047440, 36047740, 36047741, 36047312, 36047739, 36047738, 36047671, 36043008, 36047737, 36047736, 36047690, 36047430, 36047666, 36044306, 36047178, 36045333, 34566813, 36047429, 36047496, 36045570, 36047377, 36045057, 36047734, 36045518, 36047733, 36047567, 36047732, 36047102, 36037526, 36046010, 36047731, 36044851, 36047051, 36046194, 36047425, 36047560, 36046332, 36047715, 35767624, 36047230, 36046189, 36046167, 36047355, 36047252, 36047240, 36045710, 36047068, 36047510, 36047302, 36046588, 36047189, 36044042, 36047729, 36047705, 36047427, 36047728, 36047664, 36041253, 36047632, 36045593, 36047719, 36045348, 36046733, 36047727, 36046556, 36047337, 36047707, 36047726, 36047475, 36047134, 36045733, 36047314, 36047725, 36044847, 34230076, 36037195, 36046679, 36045621, 36047724, 35548687, 36033474, 36046805, 36047723, 36045762, 36047713, 36047385, 35406663, 36044329, 36046710, 36047722, 33646171, 36047702, 35999342, 36047460, 36015372, 36046789, 36047631, 36046514, 36047703, 35984462, 36045930, 36047628, 36045319, 36047634, 36037639, 36045698, 36047090, 36012636, 36046987, 36046063, 36047167, 36047678, 36047516, 36046672, 36047488, 36047721, 36047559, 36044283, 36047327, 36046760, 36047160, 36044602, 36046637, 33542524, 36047028, 36041839, 36041692, 36047647, 36047612, 36041541, 36044121, 36045885, 36047317, 36047720, 36044678, 36047142, 36047346, 36047477, 35994603, 36044636, 36047223, 36047412, 36047508, 36047637, 36046354, 36047620, 36047718, 36045376, 36043495, 36046633, 36047082, 36046518, 36047511, 36042614, 36047044, 36047649, 36047468, 36047717, 36047656, 36044506, 36047716, 36046931, 36044758, 33383562, 36044159, 36047614, 36042763, 36047623, 36047325, 36044818, 36008015, 35984352, 36047636, 36044943, 36047553, 36043903, 36047563, 36044552, 35989216, 36047035, 36047712, 36047588, 36047711, 36046815, 36047008, 36038138, 36047673, 36047681, 36046903, 36047710, 36047074, 35980044, 36045702, 36044393, 36010312, 36047709, 36046770, 36046881, 36043177, 36044405, 36045174, 36027081, 33163429, 36047144, 36047535, 36045960, 36047680, 36047527, 36047708, 36046978, 36046623, 36046925, 36047706, 32263864, 36046009, 36047339, 36045371, 36046727, 36047394, 36044151, 36047704, 36040639, 36045908, 36045217, 36042170, 36046829, 36044936]
['ratchada', '20:40', '20:50', 36047692, 36045026, 36043008, 36045570, 36047160, 36046637, 36046815, 36046009, 36047704, 36040639, 36044936]
['rajdumnern', '20:40', '20:50', 36047420, 36047312, 36047671, 36047496, 36045698, 36047223, 36047044, 36047614, 36047074, 36047706]
['isolate', '20:40', '20:50', 36015708, 36047736, 36045057, 36044602, 36047612, 36047563, 36047711, 36046903, 36010312, 36043177, 36047144]
['social', '20:40', '20:50', 36047714, 36047410, 36047610, 33649583, 36047739, 36047666, 36047240, 36047632, 36046556, 36047713, 36046789, 36047634, 36045885, 36046931, 36047623, 36044552, 33163429, 36047535, 36040639]
['religious', '20:40', '20:50', 36040236, 36047355, 36047728, 36045593, 36045762, 36044283, 36045885, 36047082, 36047008]
['supachalasai', '20:40', '20:50', 36047213, 36046420, 36047735, 36047730, 36047633, 36045465, 36047664, 36045621, 36047637, 36046633, 36042614, 36045702, 36046727]
['siam', '20:40', '20:50', 36047745, 36047410, 35621384, 36047600, 36041608, 36047740, 36047739, 36047430, 36047666, 36044851, 36047715, 36041253, 36037195, 36033474, 33646171, 36047628, 36037639, 36047317, 36047508, 36047620, 36045376, 36047082, 36047716, 36047553, 35980044, 33163429, 36045371]
['lumpini', '20:40', '20:50', 36047735, 36047610, 36046798, 35767624, 36047252, 36047240, 36047725, 36047724, 36044329, 36047703, 36047488, 36044121, 33383562, 35984352, 36038138, 36047709, 36046978, 36046829]
['sinthorn', '20:40', '20:50', 36040236, 36047102, 36047632, 36045348, 36047314, 36046805, 36046514, 36047678, 36047327, 36047028, 36047647, 36047720, 36047044, 36047649, 36047656, 36043903, 36047074, 36046623, 36047339]
['silom', '20:40', '20:50', 36047593, 36047420, 36040236, 36047734, 36045518, 36047240, 36047632, 36047314, 36047090, 36047678, 36047082, 36047623, 36008015, 36038138, 36047074, 33163429]
['wahkor', '20:40', '20:50', 33149513, 36047740, 36047252, 36047728, 36044329, 36046710, 36045698, 36047142, 36047614, 36047673, 33163429]
['library', '20:40', '20:50', 36047621, 36044306, 36047731, 36047632, 36046556, 36015372, 36047634, 36037639, 36046063, 36047678, 36047412, 36047082, 36046518, 36047712]
['art', '20:40', '20:50']
