['food', '10:20', '10:30', 36045007, 36031927, 36045351, 36045451, 32601230, 36038937, 32446334, 36043533, 36045649, 36044651, 34857352]
['greenzone', '10:20', '10:30', 36030297, 36042426, 36045426]
['camera', '10:20', '10:30', 36045771, 36041893, 36043707]
['cartoon', '10:20', '10:30', 36044030, 36045086, 35991720, 36044875, 36044390, 36015045]
['gallery', '10:20', '10:30', 36035834, 36041893]
['klaibann', '10:20', '10:30', 36039629, 36045637, 36045780, 36045628, 36045774, 36030485, 36045505, 36045708, 36045374, 36042109]
['jatujak', '10:20', '10:30', 36045333, 36045580, 36045784, 31699473, 36045311, 36045754, 32348208, 36030485]
['chalermkrung', '10:20', '10:30', 36043665, 35990924, 36044973, 36045777, 36029291, 36044177, 36045688, 36042877, 36044718]
['chalermthai', '10:20', '10:30', 36043665, 36029291, 36044561, 36045363, 36044398, 35991720, 36044390, 36045551]
['family', '10:20', '10:30', 36045597, 36045485, 36045729, 36045782, 36045671, 36036359, 36045763]
['home', '10:20', '10:30', 36045597, 36027766, 35959085, 36045690, 36045573, 32446334, 36045737, 36043139, 36045769, 36043533, 36042426, 36045753, 35954540]
['siliconvalley', '10:20', '10:30', 36045578, 36044289, 36045670, 36045783, 36044093, 36044030, 36045720, 36045721, 36045766, 36045775, 36045704, 36045683, 36045770, 36045115, 36044875, 36044723, 36043853, 36044831, 36045705, 36045542]
['beauty', '10:20', '10:30', 36043232, 36045780, 36043330, 36044151, 36015475, 36045400, 36043403, 32767746, 36045727, 36016317]
['writer', '10:20', '10:30', 30663206, 36045647, 36045767, 36045604, 36045319]
['blueplanet', '10:20', '10:30', 36045700, 36045587, 36042096, 36045729, 36038089, 36039629, 36045637, 36045780, 36039189, 36045663, 36043388, 36044436, 36045479, 36045425, 36035834, 35991720, 36044630, 35458323, 36039083, 36045505, 36045768, 35982095, 36044818, 36045708, 36045374, 36042777, 36045489]
['tvshow', '10:20', '10:30', 36044505, 35678304, 36045725, 36039189, 36045777, 36029598, 36043829, 36044467, 36045728, 35965407, 36045306, 35967733, 36044665, 36040289, 36044677, 36045745, 36044372, 36044212, 36044689, 35969446, 36045321, 36044965, 36044480, 35954540]
['bangrak', '10:20', '10:30', 36045787, 36045485, 36040023, 36045608, 36039592, 36045748, 36045671, 36044857, 36045233, 36045761, 36045696, 36044653, 36045478, 36044920, 36045388, 36035026, 36045662, 36031755, 36044723, 36040610, 36045491, 36043713, 36043827]
['horoscope', '10:20', '10:30', 36038733, 36042707, 36044881, 36044998]
['pantip', '10:20', '10:30']
['region', '10:20', '10:30', 36045787, 36042096, 36045729, 31619275, 36042707, 32601230, 36043388, 36045479, 36044630, 36043056, 36045768, 36045764]
['mbk', '10:20', '10:30', 36044054, 36044289, 36045747, 36045666, 31815671, 36045655, 36045720, 36045721, 36045641, 36042758, 36039251, 36045691, 36045223, 36035652, 36045770, 36045733, 36042655, 36043183, 36042566, 36041034, 36045705, 36015045]
['all', '10:20', '10:30', 36045700, 30663206, 36045510, 36038733, 36045580, 36045787, 36045587, 36045007, 36045597, 36042096, 36045271, 36044054, 36043232, 36030297, 36045442, 36031927, 36045530, 36045578, 36044505, 36043665, 36042517, 36045485, 35678304, 36045647, 36044289, 36045785, 36045786, 36045729, 36027766, 36045725, 36045305, 36042574, 36038089, 30641203, 36045784, 35959085, 36043027, 36045531, 36045670, 36045532, 36045773, 36045783, 36045767, 36045782, 36045690, 36039629, 36040023, 36045608, 36045781, 36039592, 36045717, 36045747, 36045516, 36045351, 35990924, 31619275, 36041033, 36045759, 36045066, 36045666, 35898343, 36045748, 36045654, 36045637, 36042821, 36045671, 36045780, 36045371, 36042849, 31699473, 36043330, 31815671, 36034930, 36045779, 36044077, 36045646, 36045451, 36044944, 36044093, 36044973, 36045655, 36044030, 36044863, 36045720, 35701760, 36045283, 36042707, 36044413, 36039189, 36045721, 31266134, 36045086, 36045123, 36045641, 36044857, 36045754, 36045778, 36044881, 36037954, 36038553, 32601230, 36044151, 36036359, 36045771, 36044248, 36045777, 36045776, 36015475, 36040502, 36045698, 36045233, 36045628, 36045761, 36045775, 36045704, 32348208, 36038937, 36045663, 36045689, 36029598, 36029291, 36018754, 36043388, 36045577, 36043829, 36045621, 36044177, 36045696, 36043583, 36045253, 36045611, 36042758, 36044467, 36044784, 36045774, 36045765, 36043966, 32505396, 36044436, 36039251, 36045758, 36045772, 36039007, 36045400, 36045728, 36044561, 36043044, 36045363, 36045573, 32446334, 36045736, 36045737, 36044653, 36045688, 36045683, 36041746, 36045479, 36037764, 36045691, 36045629, 36045223, 36045478, 35965407, 36045306, 36044920, 35967733, 36045604, 36044249, 36043139, 36045650, 36029290, 36045623, 36045425, 36045546, 36043403, 36045015, 36045643, 36035652, 36035834, 36044570, 36039772, 36040289, 36044665, 32767746, 36041893, 36040771, 36045770, 36044138, 36045733, 36045388, 36044398, 35991720, 36042655, 36044677, 36045745, 36035026, 36045727, 36044453, 36045662, 36044372, 36044565, 36044212, 35983348, 36044998, 36045503, 36044689, 36044630, 36043056, 36045750, 36045769, 36044937, 36042877, 36043533, 35458323, 35675939, 36045319, 36044748, 31567659, 36045115, 36044875, 36044793, 35969446, 36031755, 36030485, 36044723, 36044390, 36039083, 36040610, 36045505, 36045768, 36042902, 36045189, 35982095, 36045321, 36043183, 36044818, 32855686, 36044965, 36045413, 36042566, 36045491, 36045475, 36045764, 36041830, 36043713, 36044480, 36045708, 36043853, 36045588, 36045374, 36045595, 36044283, 36045551, 36044831, 36045137, 36044718, 36045763, 36045762, 36016317, 36043707, 36045402, 36042109, 36045760, 36044966, 36041034, 36045649, 36045705, 36042426, 36042777, 36044651, 36045426, 36015045, 36045269, 36044864, 36041356, 36045584, 36044559, 36040282, 36045495, 36045738, 36045753, 36045428, 35954540, 36043827, 34857352, 36045489, 36045542]
['ratchada', '10:20', '10:30', 36045271, 36045442, 36043665, 36045532, 36045717, 36045516, 36042849, 31699473, 36044248, 36045689, 36029598, 36045577, 36045253, 36043966, 36045629, 36044249, 36029290, 36044570, 36044138, 36044372, 35983348, 36044630, 36044748, 35982095, 36045764, 36041830, 36045588, 36044966, 36042777, 36044559]
['rajdumnern', '10:20', '10:30', 36045698, 36039007, 36045745, 36044453]
['isolate', '10:20', '10:30', 35898343, 36042821, 36045123, 36038553, 36037954, 36045776, 32855686, 36045428]
['social', '10:20', '10:30', 36044054, 36031927, 36043027, 36045531, 36045773, 36045066, 36045671, 36044093, 36045720, 35701760, 36039189, 36036359, 36029598, 36018754, 36045758, 36045736, 36045691, 36039772, 36041893, 36045745, 36044372, 36043056, 36045588, 36045705]
['religious', '10:20', '10:30', 36045510, 36045531, 36044077, 35701760, 36040771, 36044283, 36045762, 36045584]
['supachalasai', '10:20', '10:30', 36045530, 36045773, 36045516, 36045759, 36045646, 36044863, 36045283, 36044413, 36045621, 36043583, 36043044, 36045650, 36045623, 36044570, 36044565, 36045503, 36045137]
['siam', '10:20', '10:30', 30663206, 36045787, 36045485, 30641203, 36045531, 36041033, 36045780, 36045371, 36045451, 36044857, 36044151, 36045233, 36045696, 36044653, 36045478, 36044920, 36039772, 36031755, 36044723, 36045491, 36043713, 36045760, 36044864, 36040282, 36045738, 36043827]
['lumpini', '10:20', '10:30', 36045007, 36045782, 31619275, 36045671, 31266134, 36015475, 36044784, 36045758, 32767746, 36044793, 36045189, 36045413, 36045269]
['sinthorn', '10:20', '10:30', 36045700, 36031927, 36042517, 36045785, 36045773, 36045781, 36034930, 36045779, 36044944, 36045754, 36045778, 36045611, 36044784, 36045765, 36045758, 36045573, 36043139, 36045546, 36045015, 36045643, 36045750, 36045475, 36045588, 36045595, 36041356, 36045495]
['silom', '10:20', '10:30', 36045597, 36042517, 36045786, 36045773, 36045066, 36045451, 36039189, 36044151, 36040502, 36045628, 36018754, 32505396, 36044249, 36045425, 36044937, 31567659, 36044831, 36041356, 36045495]
['wahkor', '10:20', '10:30', 36045580, 36030297, 36042574, 36045305, 36044944, 36045698, 36045663, 36045772, 36041746, 36037764, 36042902, 36045402, 36045426]
['library', '10:20', '10:30', 30663206, 36030297, 36044289, 36045305, 36045784, 36045654, 36045774, 35675939, 36045374, 36045402, 36042109, 36045760, 36044864, 36040282, 36045738]
['art', '10:20', '10:30', 36044289]
