['food', '16:40', '16:50', 36046711, 36046607, 36046044, 36046829, 36046806, 36042174, 36046792, 36044788, 36043729, 36044196, 36039449, 36045610]
['greenzone', '16:40', '16:50']
['camera', '16:40', '16:50', 36046448, 36046878]
['cartoon', '16:40', '16:50', 36046191, 36046446, 36046771]
['gallery', '16:40', '16:50', 36046594, 36046621, 36046885, 36046081, 36042525, 36046876]
['klaibann', '16:40', '16:50', 36046386, 36040051, 36046634, 36041796, 36046829, 36031112, 36042345, 36046801]
['jatujak', '16:40', '16:50', 36046711, 36046898, 36046597, 36046888, 36045333]
['chalermkrung', '16:40', '16:50', 36046071, 36046813, 36046853, 36046410, 36046181, 36046574, 36042503, 36043669, 36046515, 36046756, 36044968]
['chalermthai', '16:40', '16:50', 36046672, 36046883]
['family', '16:40', '16:50', 36043954, 36044943, 36046902, 36041432, 36046720, 36046882, 36040051, 36046607, 36045018, 36043243, 36041796, 36041608, 36045782, 36046550, 36046881, 36046245, 36044788, 36044080, 36046875]
['home', '16:40', '16:50', 36042512, 36046898, 32167087, 36045990, 36046780, 36046886, 36046840, 36046544, 36042797]
['siliconvalley', '16:40', '16:50', 36046191, 36046709, 36045848, 36046244, 36046610, 36044730, 36046001, 36046790, 36036634, 36046780, 36046877]
['beauty', '16:40', '16:50', 36045831, 36044403, 36026379, 36008015, 36045343, 36046520, 36044151, 36042817, 36046801, 36046242, 35734856, 36046750, 36040672]
['writer', '16:40', '16:50', 36046084]
['blueplanet', '16:40', '16:50', 36044818, 36046386, 31939260, 36046824, 36046894, 36046893, 36046222, 36046634, 36046809, 36045489, 36046880, 36046621, 36046885, 36039189, 36046801, 36046081, 36028939, 36045941, 35983104, 36043458, 36044196, 31030777, 36046876]
['tvshow', '16:40', '16:50', 36046575, 36046819, 36044991, 36046664, 36046672, 36045044, 36046647, 36046853, 36038068, 36046832, 36046120, 36042817, 35989216, 36039189, 36042503, 36039937, 36044665, 36046590, 36046756]
['bangrak', '16:40', '16:50', 36039721, 36029256, 36041432, 36040911, 36046897, 36046474, 36041970, 36046721, 36041796, 36045696, 36045074, 36045867, 36046751, 36043107, 36042345, 36041608, 36046870, 36044356, 36046861, 36046881, 36046245, 36046785, 36041541, 36046868, 36045045, 36046750, 36046807, 36046700, 35695786, 36046869]
['horoscope', '16:40', '16:50', 36046340, 35935939, 36036872, 36046895, 35403385, 34148457, 36046891, 34790106, 36046550, 36043521, 36046413, 36044224, 36017811]
['pantip', '16:40', '16:50', 36046647, 36044968]
['region', '16:40', '16:50', 35935939, 36046594, 36046893, 36046880, 36046621, 36046103, 36046838, 36046081, 36044446, 36042525, 36044196, 32443383]
['mbk', '16:40', '16:50', 36046716, 36046153, 36046887, 36046892, 36046854, 36039251, 36041768, 30744588, 36046864, 36042511, 36026503, 36046825, 36046792, 36046563, 36046012, 36046877, 36046291, 36046090]
['all', '16:40', '16:50', 36046448, 36043954, 36044818, 36045831, 36046386, 36045746, 36046669, 36046191, 36046903, 31939260, 36046827, 36044943, 36046513, 36046084, 36046623, 36046716, 36046902, 36045371, 36039721, 36029515, 36046900, 36046901, 36046711, 36046571, 36046340, 36046359, 31471373, 36029256, 36044138, 36046709, 36041432, 36044283, 36044841, 36045657, 36045848, 36042512, 36045445, 36045026, 36045348, 36046889, 36046633, 36046899, 36040911, 36046839, 36046815, 36046071, 36046811, 36004770, 36046244, 36046898, 36046153, 36046575, 36045123, 35935939, 36046897, 36046824, 36044403, 36036872, 36046896, 36046819, 36046610, 36046594, 36046813, 36046895, 36045793, 36045842, 36046738, 36046812, 36046894, 35403385, 36046689, 36046720, 36046474, 36046882, 36046893, 36040051, 36045147, 36041746, 36046222, 31198950, 36046420, 36044991, 36046607, 36046634, 36026379, 36045845, 36041307, 36041970, 36046664, 36046741, 36046672, 35080521, 36045044, 36046647, 36042477, 36041356, 34148457, 36043467, 36008015, 36046044, 36045018, 36046887, 36046691, 36043243, 36046721, 36046809, 36046892, 36045489, 36041796, 36046891, 36046765, 36046829, 36046853, 36046880, 36046806, 36038068, 36045696, 36046410, 36045074, 36046223, 36046597, 36046873, 36046890, 36046752, 36046830, 36044730, 36045867, 36046586, 36045343, 36045246, 36046751, 36046621, 36046001, 36046181, 36046611, 36031112, 36046103, 36046520, 36046574, 36043107, 36046832, 36046471, 36043120, 36046854, 36046838, 36046538, 36044151, 36046790, 36039251, 36041768, 36046120, 36046164, 36046781, 36042817, 30744588, 36045759, 36046788, 36046446, 36036634, 32167087, 36020976, 36045976, 36045990, 36046864, 36046252, 36046780, 36042345, 35989216, 36037304, 34790106, 36045909, 36046888, 36041608, 36042511, 36046885, 36046886, 36045782, 36026503, 36039189, 36046801, 36046884, 36042503, 36044907, 36046883, 36046772, 36045953, 36046870, 36017993, 36044356, 36046302, 36043997, 36046550, 36023484, 36046081, 36044446, 36046840, 36034303, 36040236, 36046861, 36046881, 36042174, 36046825, 36042525, 36046245, 36028939, 36046879, 36045941, 36046785, 36046792, 36039113, 36046727, 36046563, 36046635, 36043669, 36045943, 36046515, 36046242, 36046868, 36041541, 36046878, 36039937, 36046771, 35734856, 35983104, 36042574, 36044788, 36045045, 36043521, 36046012, 36046877, 36043729, 36046413, 36046009, 36046846, 36045517, 34432998, 36044665, 36046291, 36043458, 36044196, 36046163, 36045514, 36044224, 36046750, 36017811, 36046835, 36046590, 36039449, 31030777, 36044080, 36040998, 36046876, 36046807, 36046544, 36040672, 36043177, 36046579, 36046547, 36046700, 32443383, 36042797, 36043881, 35695786, 36046216, 36046756, 36046704, 36044968, 36045610, 36046869, 36046090, 36046404, 36046843, 36046875, 36046663, 36046706, 36046701]
['ratchada', '16:40', '16:50', 36029515, 36046359, 36044138, 36045026, 36046815, 36045793, 36046812, 36046893, 31198950, 36046634, 36046880, 36046223, 36046611, 36046838, 36046781, 36046788, 36046886, 36046302, 36044446, 36039113, 36046009, 34432998, 36040998, 36046579, 36046547]
['rajdumnern', '16:40', '16:50', 36045746, 36046873, 36046164, 36046879, 36046843]
['isolate', '16:40', '16:50', 36046903, 36046901, 36046571, 36044841, 36045123, 36046896, 36046738, 36045147, 36041307, 36046890, 36045246, 36023484, 36046635, 36045514, 36043177, 36046706]
['social', '16:40', '16:50', 36046386, 36046902, 36045848, 36046894, 36046882, 36040051, 36043243, 36041796, 36046223, 36046586, 36046611, 36041768, 32167087, 36036634, 36046252, 36039189, 36046870, 36044196, 35695786, 36046869, 36046663]
['religious', '16:40', '16:50', 36044283, 36046811, 36042477, 36020976, 36040236, 36046879]
['supachalasai', '16:40', '16:50', 36046669, 36046633, 36046819, 36045842, 36046420, 36046538, 36045759, 36045909, 36045953, 36039113, 36046727, 36045943, 36046163, 36046835, 36043881, 36046704, 36046404]
['siam', '16:40', '16:50', 36045371, 36039721, 31471373, 36040911, 36004770, 36036872, 36046474, 36046882, 36046721, 36046765, 36046751, 36043107, 36042345, 36041608, 36046884, 36046870, 36017993, 36043997, 36034303, 36046861, 36046750, 32443383, 35695786]
['lumpini', '16:40', '16:50', 36045831, 36046902, 36045657, 36045445, 36046899, 36044403, 36046720, 36046882, 35080521, 36046829, 36045343, 36046586, 36046520, 36046538, 36045976, 36045782, 36044907, 36046242, 36046216]
['sinthorn', '16:40', '16:50', 36046448, 36046827, 36046513, 36046623, 36046900, 36045348, 36046889, 36046839, 36046689, 36045845, 36041356, 36043467, 36046887, 36046691, 36046830, 36046752, 36046772, 36046840, 36040236, 36046846, 36045517, 36046579, 36046701]
['silom', '16:40', '16:50', 36046898, 36046741, 36041356, 36008015, 36041796, 36046765, 36046586, 36046103, 36043120, 36039189, 36040236, 36046868, 36046216]
['wahkor', '16:40', '16:50', 36046711, 36042512, 36041746, 36044730, 36046471, 36037304, 36042574]
['library', '16:40', '16:50', 36046084, 36004770, 36042477, 36046765, 36031112, 36046884, 36017993, 36043997, 36040672]
['art', '16:40', '16:50', 36046878]
