['food', '18:10', '18:20', 36041185, 36047161, 36047011, 36042067, 36047094, 36047194, 36045714, 36045451, 36047098, 36046829, 36045896, 36046556, 36045710, 36043347]
['greenzone', '18:10', '18:20']
['camera', '18:10', '18:20']
['cartoon', '18:10', '18:20', 36045883, 36046047, 36046929, 36046872, 36044030, 36046771]
['gallery', '18:10', '18:20', 36033661, 36046976, 36046556, 36046876, 36036871, 36046885]
['klaibann', '18:10', '18:20', 36040051, 36046737, 33377717, 36046829, 36045934]
['jatujak', '18:10', '18:20', 36046976, 32059207]
['chalermkrung', '18:10', '18:20', 36047167, 36046763, 36046007, 35977435, 36046853, 36047169, 36047120, 36046962, 36047178, 36046015, 36046929, 36045109, 36047168, 36046071, 36037759, 36045143, 36043780, 36044443]
['chalermthai', '18:10', '18:20', 36047009, 36046929, 36044658, 36041596]
['family', '18:10', '18:20', 36040051, 35713736, 36044038, 36045018, 36044943, 36041608, 35689675, 36047093, 36044080, 36046978, 36041432, 36046550, 35673355, 36046582, 35667085]
['home', '18:10', '18:20', 36046840, 36047146, 36047192, 36044185, 36046715, 36046536, 36047111, 36047187, 36046544, 36029656, 35689675, 36045990, 36024955, 36042698]
['siliconvalley', '18:10', '18:20', 36046942, 36047189, 36046286, 36045838, 36045848, 36047171, 36046296, 36046495, 36047131, 36046398, 36047062]
['beauty', '18:10', '18:20', 36047124, 36047042, 35991609, 36037445, 36046670, 36040422]
['writer', '18:10', '18:20', 36046226]
['blueplanet', '18:10', '18:20', 36041185, 36033661, 36044818, 36047191, 36027621, 36046508, 33377717, 36046506, 36046683, 36047176, 36045902, 36046987, 36045934, 36046876, 36045937, 36045946, 36036871, 36045980, 36046885, 36047077, 36045993, 36045710, 36042777, 36045700, 36046660, 36046386]
['tvshow', '18:10', '18:20', 36046016, 36047195, 36047192, 36047086, 36047190, 36046853, 36047120, 36046063, 36041337, 36047138, 35708757, 36046575, 36046770, 36047118, 36042028, 36047128, 36040354, 36047154, 36046362]
['bangrak', '18:10', '18:20', 34251004, 34123942, 36047161, 34137620, 36047174, 34283618, 36041541, 34146955, 35713736, 36044038, 35713106, 36046174, 35710662, 35709908, 35709983, 35710105, 36043942, 36047035, 36047032, 36047182, 34277311, 35710481, 36045459, 36046329, 36041608, 35706070, 36047041, 35706143, 35699933, 35699164, 35971274, 36046339, 35687839, 36046673, 35688083, 36043107, 36047093, 35683943, 36046383, 35684227, 35621384, 35684294, 36047173, 36038612, 35674574, 36045971, 35674961, 36037942, 36041432, 36047129, 35674351, 35673355, 35793925, 36044582, 35671027, 35671203, 35667085]
['horoscope', '18:10', '18:20', 36046895, 36047196, 36046715, 36046412, 36046347, 36046199]
['pantip', '18:10', '18:20', 36047086]
['region', '18:10', '18:20', 36046412, 36046049, 36045946]
['mbk', '18:10', '18:20', 36046997, 36043350, 36047183, 36047164, 36045084, 36047179, 36047079, 36047177, 36044552, 36047162, 34538595, 36032288, 36042742]
['all', '18:10', '18:20', 36046092, 36047020, 36047197, 36046895, 34302363, 36041185, 36046226, 36047074, 36033661, 36047103, 36046811, 36046840, 36046873, 36047009, 36044818, 36046997, 36047167, 36047146, 34251004, 36047196, 36043911, 34123942, 36040051, 36047161, 36042532, 36047011, 36047191, 36046846, 36015768, 36046016, 34137620, 36047078, 36042067, 36047174, 36047195, 36043177, 36046283, 36027621, 36047192, 36045646, 36047094, 36047155, 36046763, 36043350, 34283618, 36041541, 36047194, 36046369, 36046942, 36047086, 36044789, 36047054, 36046007, 36045883, 34146955, 36047193, 36044185, 36046715, 36044548, 36046536, 35977435, 31533409, 36046737, 35713736, 36045714, 36046551, 36046508, 36047190, 36044038, 36047111, 35713106, 35945554, 35945554, 36046853, 36047189, 33377717, 36047180, 36047187, 36047186, 36047156, 35827185, 36044902, 36046976, 36047169, 36046174, 36047120, 36046047, 35710662, 36046669, 36047107, 36046962, 36046286, 35709908, 36045838, 36046646, 36046063, 35709983, 36046986, 36046946, 36047184, 36045018, 36045451, 35710105, 36047183, 36044943, 36018714, 36043942, 36047035, 35936110, 36047032, 36046772, 36046258, 36045920, 36046544, 36047182, 36041337, 36045531, 36045809, 36029656, 34277311, 36041356, 36047181, 35710481, 36046506, 36047138, 36045459, 36046329, 35708757, 36047178, 36047084, 36041608, 36046994, 36046683, 36046689, 36047126, 35706070, 36047087, 36044256, 36047041, 36046015, 36045305, 36046412, 36047164, 36046575, 36047142, 35706143, 36046929, 36045084, 36046770, 36045109, 36045848, 36046347, 36047168, 36038104, 36047104, 36044184, 35699933, 36047179, 36047098, 36047118, 35699164, 36046829, 36046768, 35689675, 36045896, 36046872, 35971274, 36046938, 36046556, 36046049, 36046919, 36047079, 36047177, 36046339, 36047115, 32838158, 35687839, 36046980, 36047171, 36046296, 36046495, 36044658, 36042028, 36046633, 36046673, 36047124, 36047176, 35688083, 36046071, 36045902, 36044030, 36045990, 36047085, 36043107, 36046987, 36046805, 36047093, 36024955, 35683943, 36047131, 36040686, 36047175, 36046383, 36047128, 35684227, 36042574, 35621384, 36047172, 36045348, 36045934, 36047042, 36046876, 35684294, 36046302, 36047173, 36038612, 36046920, 35674574, 36045971, 36044080, 35674961, 36045937, 36044552, 36006189, 36047006, 32059207, 36045946, 36046398, 36044121, 36046978, 36047062, 36045966, 36041596, 36045432, 36044201, 36037942, 36036871, 36045980, 36037759, 36039572, 36045143, 36047160, 36046885, 36047077, 36043780, 36045643, 36045993, 36041432, 36046771, 36042988, 36047162, 36042698, 36046550, 35991609, 36047129, 36040354, 35674351, 34538595, 36046199, 36047154, 36046475, 36037445, 36038976, 36045710, 36044283, 35673355, 36047044, 35793925, 36046362, 36042777, 36044443, 36045700, 36043347, 36044582, 36032288, 36046670, 35671027, 36046990, 36044696, 36045746, 36046582, 36042742, 36046660, 35671203, 36047166, 36040422, 36046386, 35667085]
['ratchada', '18:10', '18:20', 36047191, 36047078, 36044038, 35945554, 35945554, 36047180, 36047184, 36046258, 36045920, 36045809, 36047087, 36046919, 36047115, 36046302, 36047006, 36045966, 36047160, 36047077, 36042777]
['rajdumnern', '18:10', '18:20', 36047074, 36047103, 36046873, 35827185, 36046768, 36046938, 36046920, 36047044, 36045746]
['isolate', '18:10', '18:20', 36015768, 36043177, 36046986, 36039572, 36042988, 36044696]
['social', '18:10', '18:20', 36047197, 36040051, 36046283, 36047054, 36044789, 36046536, 36047156, 36047107, 36043942, 36046258, 36045531, 36047181, 36047087, 36044256, 36045848, 36038104, 36047104, 35971274, 36046556, 36046339, 36047079, 36046296, 36047175, 36038612, 36044552, 36047006, 36045700, 36046582, 36046386]
['religious', '18:10', '18:20', 36046811, 36047193, 36046551, 36045531, 35699933, 36044283]
['supachalasai', '18:10', '18:20', 36046092, 36047020, 36043911, 36045646, 36047054, 36046536, 36046737, 36046669, 36045809, 36046994, 35689675, 36046633, 36047124, 36047172, 36047042, 36006189, 36046475, 36038976]
['siam', '18:10', '18:20', 34302363, 34251004, 34123942, 34137620, 36047174, 34283618, 31533409, 35945554, 35945554, 36047156, 36046174, 36047120, 35709983, 36045451, 35710105, 36043942, 35936110, 36047182, 36045531, 34277311, 36047181, 36046329, 36041608, 35706070, 36047041, 35706143, 36047104, 36044184, 35971274, 36046049, 32838158, 35687839, 36046673, 35688083, 36043107, 36047131, 36046383, 35621384, 36047173, 36038612, 36047129, 35674351, 35793925, 35671203, 36047166, 36040422]
['lumpini', '18:10', '18:20', 34302363, 36047174, 36047156, 36044902, 36046829, 36047124, 36047042, 36045971, 36044121, 36046978, 35991609]
['sinthorn', '18:10', '18:20', 36047074, 36046840, 36046846, 36047094, 36047155, 36047111, 36047187, 36047107, 36046646, 36046946, 36018714, 36046772, 36041356, 36047084, 36046689, 36047126, 36047085, 36046805, 36045348, 36047006, 36045432, 36045643, 36047044, 36046990]
['silom', '18:10', '18:20', 36047094, 36046942, 36046369, 36044548, 36047186, 36047107, 36045451, 36041356, 36046980, 36047166]
['wahkor', '18:10', '18:20', 36042532, 36046551, 36045305, 36047142, 36040686, 36042574, 36044201]
['library', '18:10', '18:20', 36046226, 34137620, 36046551, 36046063, 36045305, 36044184, 36046556, 36044201]
['art', '18:10', '18:20', 36046929, 36038976]
