['food', '17:50', '18:00', 36045451, 36039632, 36046959, 36044752, 36047094, 32899599, 36044788, 32144968, 36047123, 36047098, 36045155, 32750378, 36031927, 36047026, 36044588, 36044106]
['greenzone', '17:50', '18:00']
['camera', '17:50', '18:00', 36047122, 36047121, 36046878, 36044929]
['cartoon', '17:50', '18:00', 36040350, 36047017, 36046872, 36047116]
['gallery', '17:50', '18:00', 36043936, 36046212, 36046976, 36036478, 36042525, 36047071, 36044929, 36047052]
['klaibann', '17:50', '18:00', 36046231, 36044324, 36045596, 36046315, 32470893, 36047109, 36044588, 36045245, 36046725]
['jatujak', '17:50', '18:00', 36045333, 36042605, 36046976, 36045853, 36044605, 36046968]
['chalermkrung', '17:50', '18:00', 36047137, 36044973, 36047120, 36046728, 36046312, 36046007, 36045658, 36045962, 36046853, 36046813, 36046975]
['chalermthai', '17:50', '18:00', 36047022, 36046672, 36046624]
['family', '17:50', '18:00', 36044080, 36046773, 36047135, 36035381, 36047133, 36041432, 36044788, 35993181, 36041608, 36039290, 36046978, 36046177, 36047112, 36047093, 36046902, 36044943]
['home', '17:50', '18:00', 36047067, 36045661, 36046387, 36046924, 36042674, 36046544, 31741601, 36028879, 36046235, 36047111, 36046722, 36024955, 36045497, 36044865, 36046840]
['siliconvalley', '17:50', '18:00', 36046580, 30177051, 36040350, 36044984, 36047131, 36047106, 36044632, 36047125, 36047117, 36046235, 36046286, 36046534]
['beauty', '17:50', '18:00', 36047124, 36047135, 36047100, 36047133, 36047127, 36039290, 36041866, 32750378, 34067054, 36041088, 36042817, 36032547, 36047110, 36046088, 36033483]
['writer', '17:50', '18:00', 36044670]
['blueplanet', '17:50', '18:00', 36047136, 36047135, 36044818, 36043936, 36046212, 36047077, 36047133, 36046215, 36046905, 36046231, 36046455, 36047130, 36036478, 36046276, 36044324, 36046279, 36045596, 36046315, 36046328, 36046696, 36046360, 36047113, 36045700, 36045993, 36043458, 36047026, 36047071, 36046128, 36044929, 36045425, 36046725, 35550135, 36047052, 36027621]
['tvshow', '17:50', '18:00', 36047134, 36047034, 36047003, 36045044, 36043868, 36047118, 36047120, 36047030, 36046979, 36046953, 36047128, 36045658, 36047105, 36046819, 36046853, 36047022, 36047066, 36042817, 36046672, 36047091, 36034534, 35913321, 36046770, 36046823]
['bangrak', '17:50', '18:00', 36046773, 36047064, 34679171, 36047047, 36047076, 36047032, 36035381, 36046285, 36041541, 36046868, 36046666, 36047129, 36046955, 36046700, 36041432, 36045249, 36046657, 36041608, 36012256, 35621384, 36043107, 36046602, 36026256, 36046383, 36046596, 36046177, 36047093, 36046573, 35695786, 36046261, 36046968]
['horoscope', '17:50', '18:00', 36046340, 36046891, 36045630, 36046413, 36042739]
['pantip', '17:50', '18:00']
['region', '17:50', '18:00', 36047050, 36046455, 36046328, 36046360, 36042525]
['mbk', '17:50', '18:00', 36046434, 36045998, 36046291, 36043938, 36046716, 36046854, 36047080, 36045926, 36046019, 36042724, 36046753, 36043453, 36047079, 36046837, 36044552, 36046137, 36046559, 36045084, 36046950]
['all', '17:50', '18:00', 36047124, 36044080, 36046384, 36047137, 36046773, 36042244, 36046434, 36045998, 36047064, 36044950, 36047134, 36046982, 36047136, 36047135, 36044818, 36046364, 36047034, 36047003, 36046291, 36047073, 36046163, 34679171, 36047047, 36046340, 36047100, 36045333, 36046580, 36047044, 36047067, 36045451, 36047076, 36044902, 36047032, 30177051, 36045746, 36046956, 36046317, 36047104, 36043936, 36039632, 36046212, 36040350, 36045123, 36043938, 36045044, 36047077, 36035381, 36044984, 35365133, 36047017, 36045758, 36043868, 36039113, 36044973, 36046285, 36041541, 36047126, 36047131, 36047118, 36046868, 36047133, 36046215, 36042605, 36047120, 36046666, 36047129, 36046905, 36047030, 36046716, 36047083, 36044121, 36041356, 36046854, 36046976, 36040627, 36047132, 36044945, 36046959, 36047080, 36046955, 36047050, 36046231, 36046074, 36044752, 36046700, 36045926, 36046728, 36040502, 36046019, 36046979, 36046635, 36046812, 36047101, 36042724, 36047085, 36046753, 36046455, 36047094, 36046312, 36047106, 36041432, 36045661, 32899599, 36047130, 36046891, 36046795, 36044788, 36042596, 36045530, 36045853, 36044632, 36045249, 36046953, 36047128, 36046938, 36046990, 36046633, 36045646, 35993181, 36047127, 36046387, 36041608, 36046657, 32144968, 36046007, 36036478, 36047125, 36039290, 36046276, 36012256, 36047087, 36046265, 36047123, 36046579, 36047005, 36045658, 36047122, 36044324, 36046978, 36046279, 36046924, 36047105, 36045570, 36046645, 36042674, 36044605, 35621384, 36045596, 36046315, 36043107, 36046819, 36046544, 32470893, 36047121, 36045962, 36044863, 36046602, 36043453, 36046649, 36047098, 36041866, 36046328, 36045155, 36047119, 36047079, 36046420, 36046696, 36046872, 36046811, 36046837, 36047020, 36047108, 36026256, 36047117, 36047116, 32750378, 36046360, 36046853, 34067054, 36045885, 31741601, 36046383, 36046813, 36043454, 36046781, 36041088, 36044552, 36046596, 36047022, 36047066, 36042817, 36047115, 36042525, 36047114, 36038908, 36045630, 36046177, 36046672, 36047113, 36045700, 36046614, 36047112, 36046669, 36045993, 36046882, 36043027, 36046927, 36031927, 36043458, 36046878, 36045065, 36046137, 36047026, 36028879, 36045371, 36047071, 36032547, 36046235, 36046623, 36044748, 36046573, 36047093, 36047111, 36046559, 36046722, 36047091, 36047110, 36046088, 36047109, 36040872, 36037476, 36044588, 35695786, 36047103, 36046261, 36045348, 36045245, 36045084, 36024955, 36046871, 36047102, 36046903, 36046968, 36046128, 36046950, 36045497, 36044424, 36046534, 36046286, 36044670, 36044865, 30866855, 36046902, 36047107, 36033483, 36044943, 36044929, 36046624, 36045425, 36045289, 36047074, 36046725, 36034534, 35550135, 36046413, 35913321, 36045967, 36047052, 36046770, 36042739, 36046823, 36046804, 36044106, 36027621, 36046840, 36046975]
['ratchada', '17:50', '18:00', 36047073, 36047077, 36039113, 36047132, 36044945, 36046074, 36046812, 36042724, 36012256, 36047087, 36046579, 36045570, 36046645, 36046649, 36047108, 36046781, 36047115, 36045993, 36045065, 36044748, 36037476, 35550135]
['rajdumnern', '17:50', '18:00', 36046982, 36047044, 36045746, 36047050, 36046938, 36047103, 36045289, 36047074]
['isolate', '17:50', '18:00', 36042244, 36045123, 36046635, 36047101, 36046903, 36044424]
['social', '17:50', '18:00', 36046364, 36047047, 36046580, 36047067, 36047076, 36047104, 36045758, 36046666, 36046959, 36047050, 36042596, 35993181, 36047087, 36047005, 36041866, 36047119, 36047079, 36047108, 36045885, 36043454, 36044552, 36047066, 36047114, 36046177, 36045700, 36047112, 36043027, 36031927, 36046573, 35695786, 36046902, 36047107]
['religious', '17:50', '18:00', 36046795, 36046811, 36045885]
['supachalasai', '17:50', '18:00', 36047124, 36046163, 36039113, 36045530, 36046633, 36045646, 36046645, 36046819, 36044863, 36046420, 36047020, 36038908, 36046669]
['siam', '17:50', '18:00', 36046773, 36047064, 36045451, 36047076, 36047104, 35365133, 36047131, 36047120, 36047129, 36047083, 36040627, 36047106, 36041608, 36046657, 36047005, 35621384, 36043107, 32470893, 36046602, 36026256, 36046383, 36046596, 36045371, 36046573, 35695786, 30866855, 36046804]
['lumpini', '17:50', '18:00', 36047124, 36044902, 36046317, 36045758, 36044121, 36040627, 36047005, 36046978, 36041866, 32750378, 34067054, 36047066, 36047112, 36046882, 36047110, 36046902]
['sinthorn', '17:50', '18:00', 36046384, 36044950, 36047044, 36046956, 36045758, 36047126, 36047083, 36041356, 36046074, 36047085, 36047094, 36042596, 36046990, 36046387, 36012256, 36046265, 36046579, 36046924, 36042674, 36046315, 36043454, 36047114, 36046927, 36031927, 36046623, 36047111, 36045348, 36046871, 36047102, 36047107, 36047074, 36045967, 36046840]
['silom', '17:50', '18:00', 36045451, 36046317, 36046868, 36041356, 36040502, 36047094, 36042596, 36047005, 36047108, 36047109, 36047107, 36045425, 36047074, 36044106]
['wahkor', '17:50', '18:00', 36046614, 36047110, 36044929]
['library', '17:50', '18:00', 36040627, 36047050, 36047091, 36040872, 36044670, 30866855, 36047074]
['art', '17:50', '18:00', 36046878]
