['food', '21:30', '21:40', 36046792, 36046829, 36034094, 36046959, 36044788, 36044196, 36015372, 31278360, 35593631, 36047916]
['greenzone', '21:30', '21:40', 36047699]
['camera', '21:30', '21:40', 36047889, 36047925, 36047336, 36046549, 36047121, 36047917, 36045970, 36045412]
['cartoon', '21:30', '21:40', 36045208, 36046191, 36047742, 36044390]
['gallery', '21:30', '21:40', 36046679, 36045069, 36039197, 36047925, 36047917, 36040945]
['klaibann', '21:30', '21:40', 36046829, 36047940, 36046228, 36042011, 36047880, 36047252, 36044487, 36047911, 36031030]
['jatujak', '21:30', '21:40', 36045333, 36047897, 36047092, 36047641, 36047699, 36045930, 36043923]
['chalermkrung', '21:30', '21:40', 36047561, 36047840, 36047569, 36046853, 36045100, 36047818, 36047525, 36047167, 36046410, 36015372, 30664486, 36041680, 36045962, 36047926, 36047120, 36044892, 36037966]
['chalermthai', '21:30', '21:40', 36047954, 36047894, 36045208, 36015372, 36047944, 36044995, 36044390]
['family', '21:30', '21:40', 35958635, 36044038, 36047634, 36034264, 36044788, 36047853, 36047610, 36015372, 36047615, 36013036]
['home', '21:30', '21:40', 36044185, 36032116, 36047092, 36047937, 36047812, 36047699, 31043877, 36041537, 36045930, 36047816, 31395751, 36047916, 36047650]
['siliconvalley', '21:30', '21:40', 35958843, 36047427, 36047950, 36046191, 36047949, 36047871, 36047914, 36047945, 36046780, 36047619, 36047325, 36047752, 36046288, 36045412, 36047510, 36002562, 36047880, 36047647]
['beauty', '21:30', '21:40', 36030911, 36047100, 36047951, 36047825, 36047877, 36047936, 31090098, 31172704, 36047488, 31278360, 31391746, 31645535, 36047797, 31645594, 31867721, 36046187, 32199669, 32210695, 32424383, 32429385, 32451601]
['writer', '21:30', '21:40', 36047938]
['blueplanet', '21:30', '21:40', 36030911, 36046679, 36045069, 36043310, 36039197, 35998723, 36047925, 36044196, 36032099, 36047327, 36047917, 36047923, 36046925, 36040945, 36046755, 36043826, 36047913, 36044487]
['tvshow', '21:30', '21:40', 36044659, 36047435, 36047316, 36046853, 36045922, 36046770, 36047634, 36047922, 36047845, 36042670, 36044042, 36047835, 36015372, 36047885, 36047876, 36041851, 36047938, 36041680, 36047573, 35887452, 36047690, 36047933, 36043871, 36046590, 36047424, 36047120, 36047805, 36046219, 36047524, 36047674, 36046016, 36046948]
['bangrak', '21:30', '21:40', 36047553, 36047597, 36047908, 36044038, 36047620, 36047931, 36031582, 36047887, 36046383, 36047918, 36047838, 36047804, 36047628, 36047853, 36040610, 36045862, 36047941, 36017243, 36047508, 36047769, 36047890, 36047506, 36004797, 36047528, 36046897, 36047898, 36032635, 36047430, 36046371, 36047575, 35977245, 36047616, 36047465, 36038522, 36047721, 36047271, 35695786]
['horoscope', '21:30', '21:40', 36047639, 36047832, 36046340, 36038796, 36047364, 36047767, 36042629]
['pantip', '21:30', '21:40']
['region', '21:30', '21:40', 36047956, 36037967, 36047897, 36044196, 36044446, 36045494, 36047924, 36047327, 36047917, 36040945]
['mbk', '21:30', '21:40', 36041034, 36046792, 36047774, 36046941, 36046789, 36047912, 36046153, 36047937, 36047714, 33146303, 36047802, 36047645, 36002562, 36047647]
['all', '21:30', '21:40', 36047956, 35958843, 36041034, 36044659, 36047685, 36047553, 36047561, 36046792, 36046829, 36047955, 36030911, 36045333, 36047100, 36047840, 36047954, 36047314, 36047653, 36047951, 36046679, 36047894, 36044185, 36047852, 36047889, 36034094, 36047953, 36047597, 36047435, 36045348, 36047639, 36047908, 36047832, 36046959, 35958635, 36045069, 36047316, 36043048, 36047952, 36045208, 36047427, 36046853, 36047940, 36045922, 36046340, 36046770, 36047950, 36047825, 36032116, 36044038, 36045100, 36047634, 36047922, 36047806, 36045305, 36042394, 36043310, 36046191, 36046259, 36047620, 36047931, 36047927, 36039197, 36031582, 36037967, 36047777, 36047431, 36040868, 36047949, 36046503, 36047775, 35998723, 36047895, 36047925, 36047887, 36045035, 36047818, 36047671, 36047774, 36046815, 35997616, 36047871, 36046062, 36034264, 36045646, 36046941, 36046383, 36047336, 36047914, 30587896, 36047897, 36047918, 36045371, 36047946, 36047092, 36047641, 36046651, 36047877, 36038796, 36047838, 36046988, 36047804, 36047724, 36047845, 36045836, 36043177, 36047525, 36047628, 36042670, 36044042, 36047942, 36047364, 36046710, 36047167, 36047817, 36044788, 36047853, 36044196, 36047835, 36047945, 36046549, 36043224, 36035626, 36040610, 36046410, 36046990, 36047610, 35998818, 36046727, 36045112, 36044548, 36015372, 36045964, 36045862, 36047087, 36047944, 36047943, 36046052, 36047885, 36046789, 36047876, 30664486, 36047464, 36047912, 36047941, 36017243, 36032099, 36046420, 36047508, 36047458, 36044446, 36046153, 36047769, 36047939, 36047929, 36041851, 36047938, 36047489, 36042954, 36047890, 36047506, 36047937, 36047812, 36047699, 36004797, 36045494, 36044652, 36041680, 36047936, 34520704, 36047573, 36047924, 36047672, 36047155, 36047656, 36047714, 36047633, 36045962, 36047730, 36046228, 36046956, 36047615, 36047767, 36044078, 35887452, 36047121, 36047528, 36047934, 36047690, 31043877, 36047926, 36046897, 36047933, 31090098, 36043871, 36046780, 36047932, 36013036, 36047020, 36047327, 36047930, 31172704, 36046590, 36047488, 36047898, 36047907, 36032635, 36041282, 36046161, 36047430, 31278360, 36047906, 36045702, 36041537, 36047917, 36045930, 33146303, 36047742, 31391746, 36047928, 36047619, 36046371, 36043923, 36047575, 31645535, 36047797, 36047424, 36045970, 36047802, 36047923, 31645594, 36047635, 36047120, 36047921, 36047325, 35977245, 36047616, 36047645, 36047688, 31867721, 36046187, 36047761, 36047920, 36046925, 36047465, 32199669, 36042629, 36047752, 36040945, 36044995, 36047919, 36046288, 36046755, 36047805, 36043826, 36044892, 32210695, 36047816, 36046219, 36047420, 36038522, 36047834, 36045151, 35593631, 32424383, 36037966, 36047524, 35863406, 36033496, 31395751, 36047916, 36047915, 36047650, 32429385, 36046933, 36042011, 36046367, 36047721, 36044390, 36045412, 32451601, 36047905, 36047674, 36047510, 36047913, 36002562, 36047859, 36047880, 36047271, 36047252, 36044487, 35695786, 36046016, 36047647, 36047911, 36031030, 36046948]
['ratchada', '21:30', '21:40', 36043048, 36047952, 36044038, 36037967, 36047925, 36046815, 36047946, 36047817, 36047087, 36047464, 36044446, 36047489, 36045494, 36047924, 36044078, 36047907, 36047575, 36047923, 36047635, 36045151, 36047915, 36046933]
['rajdumnern', '21:30', '21:40', 36047852, 36047806, 36047671, 36047812, 36047420]
['isolate', '21:30', '21:40', 36040868, 35997616, 36043177, 36043224, 36047934, 36041282, 36047928, 36033496, 36047859]
['social', '21:30', '21:40', 36047852, 36047953, 36046959, 36047832, 36047940, 36047634, 36047431, 36047895, 36045035, 36046062, 36046941, 36042670, 36044196, 36047610, 36045112, 36047087, 36047943, 36046789, 36047769, 36047714, 36047615, 36047906, 36047575, 36047635, 36047645, 36047465, 36045151, 36047905, 35695786]
['religious', '21:30', '21:40', 36042394, 36046062, 36042670, 36047767]
['supachalasai', '21:30', '21:40', 36047653, 36047825, 36047777, 36045646, 35998818, 36046727, 36046420, 36047458, 36047633, 36047730, 36047020, 36046161, 36045702, 36047921, 36046367]
['siam', '21:30', '21:40', 36047956, 36047553, 36047908, 35958635, 36047620, 36047931, 36047927, 36031582, 36047431, 36047887, 36045035, 36046383, 36045371, 36047838, 36047628, 36045862, 36047943, 36047941, 36017243, 36047508, 36047890, 36047506, 36004797, 36047528, 36047898, 36032635, 36047430, 36047906, 36047797, 36047120, 35977245, 36047465, 36047919, 36038522, 36047271, 35695786, 36031030]
['lumpini', '21:30', '21:40', 36046829, 36047825, 36046503, 30587896, 36047877, 36047724, 36042670, 36047942, 36047610, 36047936, 31090098, 36047488, 31278360, 31391746, 31645535, 36047797, 31867721, 36046187, 32210695, 32424383, 32429385, 36046367, 32451601, 36047252]
['sinthorn', '21:30', '21:40', 36047685, 36047955, 36047314, 36045348, 36046259, 36047946, 36046651, 36046988, 36046990, 36045964, 36047939, 36047929, 36044652, 34520704, 36047672, 36047155, 36047656, 36046956, 36047615, 36047932, 36047327, 36047930, 36047761, 36047920, 36047834, 36047905, 36047647]
['silom', '21:30', '21:40', 36047314, 36047953, 36047431, 36047946, 36044548, 36046052, 36047912, 36032099, 36047936, 36047761, 36047420, 36042011, 36047905]
['wahkor', '21:30', '21:40', 36045305, 36047775, 36045836, 36046710, 36032099, 36042954, 36046187, 35863406, 36047880, 36047252]
['library', '21:30', '21:40', 36047956, 36047634, 36047922, 36045305, 36047775, 36046062, 36035626, 36015372, 36013036, 36047688, 36047919, 36047911]
['art', '21:30', '21:40']
