['food', '20:30', '20:40', 36039645, 36047681, 36046833, 36046556, 36015372, 36044581, 36046829]
['greenzone', '20:30', '20:40', 36047699, 36047295]
['camera', '20:30', '20:40', 36040854]
['cartoon', '20:30', '20:40', 36047527, 36038420, 36044716]
['gallery', '20:30', '20:40', 36047052, 36045069, 36046556, 36046679]
['klaibann', '20:30', '20:40', 36045596, 36046737, 36047252, 36045823, 36047668, 36046829]
['jatujak', '20:30', '20:40', 36047699, 36045333, 36046833]
['chalermkrung', '20:30', '20:40', 36047618, 36047440, 36044968, 36047242, 36047557, 36047561, 36043665, 36047569, 36047683, 36044443, 36045962, 36047167, 36015372, 36047502, 36047665]
['chalermthai', '20:30', '20:40', 35961675, 36046672, 36041666, 36043665, 36047567, 36015372]
['family', '20:30', '20:40', 36047634, 36044080, 36047632, 36044943, 36036359, 36046189, 36047615, 36047666, 36044636, 36043243, 36044038, 36015372]
['home', '20:30', '20:40', 36047699, 36045990, 36041839, 36047566, 36047425, 36046201, 36047200, 36036608, 36045597]
['siliconvalley', '20:30', '20:40', 36047701, 36034344, 36042938, 36047646, 36041022, 36039283, 36047381, 36047580, 36047682, 36047200, 36047679, 36047647, 36047230, 36047673, 36047475, 36044883, 36047648]
['beauty', '20:30', '20:40', 36046088, 36044826, 36042817, 36027081, 36047488, 36044151, 36047333, 36047623]
['writer', '20:30', '20:40', 36042726, 36045324]
['blueplanet', '20:30', '20:40', 36046269, 36045801, 36045596, 36047052, 36046937, 35929875, 36042777, 36047693, 36045430, 36043803, 36045069, 36047290, 36047460, 36044637, 36047584, 36041253, 36046679, 36047327]
['tvshow', '20:30', '20:40', 36047634, 36047447, 36047003, 36047435, 36045217, 36042817, 36047698, 36047690, 36046672, 36047611, 36047213, 36047659, 36047680, 36047462, 36046016, 36046770, 36047469, 36047573, 36032233, 36043646, 36047674, 36047560, 36044936, 36044870, 36015372, 36044389, 36047442]
['bangrak', '20:30', '20:40', 36043107, 36047628, 36031582, 36047182, 36047696, 36047620, 36041541, 36047400, 36047276, 36047575, 36047684, 36045353, 36047666, 36047248, 36044038, 34477836, 36047047, 36047669, 36047658, 36047465, 36047430, 36046270]
['horoscope', '20:30', '20:40', 36043268, 36047394, 36047364, 36047639, 36036872, 36047516, 36046340]
['pantip', '20:30', '20:40', 36044968, 36047462]
['region', '20:30', '20:40', 36046838, 36046937, 36047693, 36047681, 36047290, 36047460, 36047667, 36047295, 36047327]
['mbk', '20:30', '20:40', 36047606, 36022130, 36047139, 36047646, 36047602, 36047694, 36034689, 36047272, 36039876, 36047373, 36047645, 36047580, 36047426, 36047647, 36047230, 36039357, 36046473, 36047475, 36039836, 36047068]
['all', '20:30', '20:40', 36043268, 36043107, 36047628, 36047701, 36046269, 36034344, 36046088, 36047606, 36047634, 36031582, 36022130, 36047618, 36047700, 36047447, 36039645, 36047687, 36044249, 36046280, 36047003, 36046846, 35961675, 36047289, 36047394, 36044826, 36047699, 36046838, 36045217, 36046157, 36042817, 36047364, 36047639, 33719809, 36047182, 36044121, 36045333, 36042058, 36047688, 36047698, 36047440, 36045990, 36045801, 36047678, 36045371, 36044080, 36045943, 36041839, 36044968, 36047139, 36047242, 36047527, 36027081, 35997616, 36046109, 36047697, 36047420, 36045596, 36047278, 36047566, 36047614, 36037639, 36047044, 36047052, 36047563, 36043699, 36042726, 36042938, 36047488, 36047646, 36046737, 36047696, 36047201, 36047632, 36045759, 36047689, 36041022, 36047557, 36047690, 36010312, 36046672, 36047611, 36047695, 36047638, 36047416, 36047252, 36047213, 36046083, 36047659, 36047132, 36046937, 36047680, 36045348, 36047602, 36047694, 35929875, 36034689, 36047620, 36047464, 36045502, 36047272, 36045823, 36047008, 36041541, 36039876, 36047400, 36042777, 36040502, 36047693, 36045445, 36045430, 36047692, 36047462, 36047664, 36041286, 36047691, 36047373, 36047561, 36043803, 36039283, 36047313, 36041666, 36047312, 36047645, 36047276, 36045069, 36043665, 36047381, 36047569, 36047575, 36047686, 36046016, 36046770, 36047469, 36047685, 36047538, 36047540, 36045842, 36047653, 36040854, 36047580, 36047684, 36047425, 36047426, 36036872, 36047683, 36047682, 36044943, 36047573, 36047681, 36046175, 36046974, 36046201, 35139688, 36032233, 36047304, 36045353, 36036359, 36041373, 36046189, 36047200, 36046833, 36046633, 36047567, 36047679, 36041956, 36043646, 36047290, 36047647, 36047615, 36047460, 36047677, 36044636, 36047666, 36045588, 36046927, 36044637, 36044329, 36047676, 36045035, 36047675, 36043243, 36047102, 36047584, 36047248, 36047674, 36047230, 36041253, 36044038, 36039357, 36047629, 36044443, 36046812, 36044283, 36046473, 36047673, 36047475, 36044151, 36047560, 36047672, 36039836, 31599744, 34477836, 36047172, 36047047, 36035626, 36047472, 36044201, 36038420, 36047669, 36047670, 36047579, 36047301, 36047668, 36047609, 36045324, 36047658, 36045962, 36047516, 36047115, 36046815, 36047621, 36047167, 36044936, 36047626, 36046556, 36044870, 36015372, 36047667, 36036608, 36044883, 36047612, 36047333, 36047648, 36047652, 36044389, 36047295, 36046340, 36046811, 36047225, 36047502, 36043047, 36044211, 36046994, 36047665, 36044581, 36047465, 36044548, 36044049, 36047104, 36046449, 36045789, 36047430, 36047318, 36046679, 36047442, 36046829, 36046270, 36047327, 36045597, 36047068, 36044306, 36047623, 36045305, 36041896, 36044716, 36046799, 36041307]
['ratchada', '20:30', '20:40', 36044249, 36046838, 36047132, 36047464, 36045502, 36042777, 36047693, 36047692, 36043665, 36047575, 36046175, 36045588, 36044038, 36046812, 36047115, 36046815, 36044936, 36047295]
['rajdumnern', '20:30', '20:40', 36047289, 36046157, 36047420, 36047614, 36047044, 36047638, 36047312, 36046974, 36047304, 36047648, 36044049]
['isolate', '20:30', '20:40', 36047700, 35997616, 36047697, 36047563, 36010312, 36047686, 36047677, 36047676, 36047670, 36047612, 36043047, 36041307]
['social', '20:30', '20:40', 36047634, 36046157, 36047632, 36034689, 36047645, 36047276, 36047575, 36047426, 36046974, 36036359, 36041956, 36047615, 36047666, 36045588, 36045035, 36043243, 36047047, 36047658, 36046556, 36047333, 36047648, 36047652, 36047465, 36047104, 36044049, 36047623]
['religious', '20:30', '20:40', 36046083, 36047008, 36045430, 36041373, 36044283, 36046811, 36045789]
['supachalasai', '20:30', '20:40', 36045943, 36046109, 36047278, 36043699, 36046737, 36047201, 36045759, 36047213, 36047664, 36047540, 36047653, 36045842, 36046175, 36046633, 36047629, 31599744, 36047172, 36047301, 36047609, 36047225, 36044211, 36046994, 36047318]
['siam', '20:30', '20:40', 36043107, 36047628, 36031582, 36047687, 36046280, 36047182, 36042058, 36045371, 36037639, 36047695, 36047416, 36047620, 36047538, 36047684, 36036872, 36047666, 36045035, 36041253, 34477836, 36047669, 36047658, 36047465, 36047104, 36047430, 36041896]
['lumpini', '20:30', '20:40', 36044121, 36047488, 36047252, 36045445, 36047540, 36044329, 36047629, 31599744, 36047579, 36047658, 36044581, 36046449, 36046829]
['sinthorn', '20:30', '20:40', 36046846, 33719809, 36047678, 36047044, 36047632, 36045348, 36045823, 36047691, 36047685, 35139688, 36047615, 36047647, 36045588, 36046927, 36047102, 36047672, 36047472, 36047626, 36047327]
['silom', '20:30', '20:40', 36044249, 36047678, 36047420, 36047632, 36045823, 36040502, 35139688, 36046833, 36047675, 31599744, 36047472, 36044548, 36047623]
['wahkor', '20:30', '20:40', 36047614, 36047689, 36047252, 36041286, 36047313, 36044329, 36047673, 36044201, 36046449, 36045305]
['library', '20:30', '20:40', 36047634, 36047688, 36047678, 36037639, 36047632, 36047689, 36047695, 36035626, 36044201, 36047668, 36047621, 36046556, 36015372, 36044306, 36045305, 36046799]
['art', '20:30', '20:40', 36047295]
