['food', '19:50', '20:00', 36044884, 30662254, 36046029, 36046829, 36047098, 36047253, 36044752, 36046834, 36047505]
['greenzone', '19:50', '20:00', 36045593]
['camera', '19:50', '20:00', 36047336, 36047544, 36045412, 36042881]
['cartoon', '19:50', '20:00', 36047261, 36047527, 36047116, 36047519, 36046446, 36046047]
['gallery', '19:50', '20:00', 36047544, 36045069]
['klaibann', '19:50', '20:00', 36047484, 36046829, 36009842, 36047252]
['jatujak', '19:50', '20:00', 36045333, 36045853, 36046898, 36046977, 36047339, 36047520, 36047514]
['chalermkrung', '19:50', '20:00', 36047515, 36047242, 36047178, 36047167, 36039005, 36045978, 36046763, 36046410, 36047337, 36044892, 36047525, 36047120, 36046975, 36046168, 36047440, 36039157, 36045143, 36047511, 36046071, 36046351]
['chalermthai', '19:50', '20:00', 36042649, 36047412, 36044398, 36045229, 36047503]
['family', '19:50', '20:00', 36044038, 36046072, 36045830, 36044080, 36041608, 36044943, 36045018]
['home', '19:50', '20:00', 36042649, 30662254, 36046898, 36046977, 36045597, 36045031, 36046287, 36046536, 36040807, 36047425, 36047192, 36047503]
['siliconvalley', '19:50', '20:00', 36047391, 36047266, 36047537, 36047510, 36047495, 36047535, 36047475, 36047261, 36047189, 36044868, 36033770, 36047518, 36047269, 36047512, 36047325, 36016957, 36047381, 36047264, 36045412, 36042881]
['beauty', '19:50', '20:00', 36027753, 36036343, 36039157, 36043792]
['writer', '19:50', '20:00', 36045767, 36043882]
['blueplanet', '19:50', '20:00', 36047460, 36047327, 36046545, 30265457, 36044818, 36047290, 36042777, 36047492, 36047468, 36046072, 36045069, 30342674, 36047520, 36001604, 36045830, 36047365, 36047453, 36045700, 36043458, 36043352, 36040329]
['tvshow', '19:50', '20:00', 36047435, 36047442, 36044877, 36047462, 36039005, 35984894, 36047424, 36047534, 36044239, 36047444, 36041116, 36047120, 35774605, 36047524, 36039157, 36046219, 36047514, 36047229, 36047399, 36047192, 36046016]
['bangrak', '19:50', '20:00', 36047545, 36047526, 36047528, 33221220, 36045054, 36040911, 36047465, 36039621, 36047039, 36044038, 36047536, 36031582, 36047234, 36047410, 36047269, 36047422, 36041608, 36047292, 36047509, 36047508, 36047506, 36041541, 36047454, 36046133, 36045459, 36047504]
['horoscope', '19:50', '20:00', 36046413, 36047364, 36046340, 36046355, 36046891, 36044224, 36036872, 36046051, 36047196, 36040278, 36046133]
['pantip', '19:50', '20:00', 36047462, 36047229]
['region', '19:50', '20:00', 36047460, 36047327, 36047290, 36047529, 36001604, 36047457]
['mbk', '19:50', '20:00', 36047513, 36047542, 36047543, 36047263, 36047266, 36047164, 36047539, 36046530, 36047373, 36046603, 36047475, 36047532, 36046864, 36046137, 36041034, 36047517, 36047183, 36044850, 36047452]
['all', '19:50', '20:00', 36047545, 36047526, 36047460, 36047378, 36045333, 36047528, 36047336, 36047435, 36046633, 36047496, 33221220, 36045853, 36045767, 36047087, 36047184, 36047442, 36047242, 36047391, 36047223, 36047313, 36047178, 36047544, 36045054, 36047513, 36040911, 36046413, 36046949, 36047364, 36047465, 36047262, 36047522, 36045593, 36044283, 36047312, 36047542, 36047543, 36042649, 36047039, 36039621, 36047180, 36047541, 36047263, 36047441, 36047540, 36044884, 36044877, 36047462, 36047484, 36047266, 36044038, 36047164, 36047539, 36046804, 36027753, 36047538, 36047449, 36047167, 36047537, 36047327, 35984894, 36039005, 36047497, 36046772, 36047424, 36047102, 36046545, 36045978, 30171242, 36046763, 30662254, 36046530, 36046956, 36047373, 36046669, 36046898, 36047523, 36047533, 36047510, 36046977, 36046029, 36045682, 36047495, 36047536, 36046829, 36047535, 36047534, 36046410, 36046603, 36047172, 36047475, 30265457, 36038908, 36047416, 36047532, 36044818, 36046385, 36047290, 36047337, 36044548, 36042777, 36044493, 36046340, 36045597, 36047531, 36044892, 36041746, 36045371, 36046864, 36046137, 36045911, 36044239, 36047114, 36047530, 36047142, 36047489, 36047261, 36047339, 36047529, 36046048, 36047527, 36047104, 36047444, 36047492, 36046355, 36047421, 36041116, 36047468, 36047098, 36047525, 36046072, 36046891, 36038104, 36047314, 36031582, 36044224, 36047120, 35984805, 35774605, 36046975, 36046168, 36047440, 36045885, 36047234, 36047189, 36041034, 36047363, 36047410, 36045069, 36044868, 36047524, 36045719, 36033770, 36047116, 36045031, 36045836, 36036872, 30342674, 36047521, 36047074, 36047520, 36047519, 36047420, 36046051, 36042745, 36047518, 36001604, 36045530, 36009842, 36036343, 36046727, 36046287, 36047412, 36047517, 36039157, 33587352, 35799148, 36046219, 36043792, 36045830, 36044080, 36047365, 36047221, 36045944, 36047269, 36047183, 36047355, 36047422, 36047252, 36045143, 36044398, 36047514, 36047196, 36046446, 36046536, 36041608, 36044943, 36047083, 36047512, 36044850, 36047511, 36046435, 36040807, 36045229, 36047073, 36047253, 36047455, 36047292, 36047509, 36047229, 36047325, 36047457, 36045510, 36046710, 36016957, 36047508, 36047381, 36047303, 36043882, 36047453, 36047507, 36044752, 36046834, 36040278, 36047506, 36041541, 36047445, 36040627, 36047454, 36046047, 36047505, 36047425, 36045700, 36046071, 36047399, 36047192, 36046133, 36043458, 36045531, 36043352, 36047342, 36045348, 36047264, 36040329, 36046016, 36045459, 36047504, 36047452, 36046351, 36045412, 36045018, 36042881, 36047503, 36047085]
['ratchada', '19:50', '20:00', 36047087, 36047184, 36047180, 36044038, 36046385, 36042777, 36047489, 36047521, 36047365, 36046435, 36047073, 36047505]
['rajdumnern', '19:50', '20:00', 36047496, 36047223, 36046949, 36047312, 36047441, 36047533, 36045911, 36047074, 36047420]
['isolate', '19:50', '20:00', 36047530, 33587352, 36045944, 36047455]
['social', '19:50', '20:00', 36047087, 36047465, 36047484, 36046977, 36046029, 36047535, 36046603, 36047114, 36047104, 36038104, 36045885, 36047410, 36046536, 36047253, 36047509, 36043882, 36047507, 36047445, 36045700, 36045531, 36040329]
['religious', '19:50', '20:00', 36045593, 36044283, 36047529, 36045885, 36047355, 36047457, 36045510, 36045531]
['supachalasai', '19:50', '20:00', 36047378, 36046633, 36047522, 36047541, 36047540, 36046669, 36047172, 36038908, 36044493, 36045530, 36046727, 36046536]
['siam', '19:50', '20:00', 36047545, 36047526, 36047528, 33221220, 36040911, 36047465, 36046804, 36047538, 36047536, 36047416, 36045371, 36047104, 36046355, 36047421, 36031582, 36047120, 35984805, 36047234, 36047363, 36047410, 36036872, 36047221, 36047269, 36047422, 36041608, 36047083, 36047512, 36047292, 36047509, 36047508, 36047506, 36040627, 36047454, 36045531, 36047504]
['lumpini', '19:50', '20:00', 36047540, 36046829, 36047252, 36043882, 36040627]
['sinthorn', '19:50', '20:00', 36047449, 36047327, 36047497, 36046772, 36047102, 30171242, 36046956, 36047523, 36047114, 36047339, 36047421, 36047314, 36047074, 36042745, 35799148, 36047083, 36047303, 36047342, 36045348, 36047085]
['silom', '19:50', '20:00', 36047484, 36046898, 36046029, 36044548, 36047314, 36047363, 36045719, 36047074, 36047420, 36042745]
['wahkor', '19:50', '20:00', 36047313, 36046949, 36047497, 36045682, 36047531, 36041746, 36047142, 36046048, 36045836, 36046287, 36047252, 36046710]
['library', '19:50', '20:00', 36046949, 36047262, 35984805, 36047363, 36047412, 36047221, 36043882, 36040627]
['art', '19:50', '20:00']
