['food', '11:40', '11:50', 36045451, 36039288, 33138215, 36044588, 36046029, 35128504, 36044752, 36045757, 36043905, 36046044, 36043933, 36046023, 36044334, 36042944, 36030737, 36027851, 35896919, 36046033]
['greenzone', '11:40', '11:50', 36045426, 35107173]
['camera', '11:40', '11:50', 36045979, 35187660, 36044929, 36046005, 36045098, 36045771]
['cartoon', '11:40', '11:50', 36046047, 36044716, 36045968, 36045883, 36044221, 36045898]
['gallery', '11:40', '11:50', 36044929, 35976814, 36045069]
['klaibann', '11:40', '11:50', 36044588, 36046010, 36042183, 36041796, 36045403, 36045469, 36045814, 36046033, 36045297, 36045628, 36045505, 36043292, 36045857]
['jatujak', '11:40', '11:50', 36045333, 31052742, 36045853, 35398839, 36044153, 36033482]
['chalermkrung', '11:40', '11:50', 36046056, 36046015, 36045051, 36039157, 36045730, 36045962, 36044114]
['chalermthai', '11:40', '11:50', 36044335, 36045881, 36037526, 36044799, 36043880, 36044398, 36045898]
['family', '11:40', '11:50', 36039288, 36045810, 36041796, 36041432, 36045597, 36043905, 36045671, 36045830, 36046033, 36014752, 36046026]
['home', '11:40', '11:50', 31052742, 36044642, 36045232, 36046011, 36041839, 35117176, 36042698, 34079266, 36045597, 36045897, 36033482, 36046032, 36046028, 35107173]
['siliconvalley', '11:40', '11:50', 36045705, 30810861, 36043899, 36045766, 36044683, 36046046, 36045958, 36044886, 36046038, 36045098, 36045812, 36004782, 36046028, 36042321]
['beauty', '11:40', '11:50', 36044151, 36043403, 35271379, 36045222, 36029763, 36039157, 36045375, 36045468, 36043647, 36044121, 31236085, 36046030, 32562042, 35999657]
['writer', '11:40', '11:50']
['blueplanet', '11:40', '11:50', 36046010, 36042183, 36045425, 36045700, 36045768, 36044929, 36039189, 36044799, 36045614, 35976814, 36046041, 36045587, 36045830, 36045297, 36045505, 36045069, 36042777]
['tvshow', '11:40', '11:50', 36045922, 36045712, 36037104, 36044727, 36043640, 36045873, 36039157, 36045881, 36045217, 36039189, 36045094, 35965407, 33605791, 36029598, 35379282, 36045541, 36044665, 36045390, 36045954, 36046037, 35969446, 36044544]
['bangrak', '11:40', '11:50', 36043794, 36043107, 36041541, 36045559, 35923109, 36046027, 36007359, 36041796, 36039789, 36041432, 36039592, 36046045, 36045912, 36045971, 36045045, 36045104, 36045105, 36026496, 36045272, 36045671, 36046035, 36045477, 36045997, 36043815, 36040610]
['horoscope', '11:40', '11:50', 36039856, 36036872, 36046043, 36045483, 36045997]
['pantip', '11:40', '11:50']
['region', '11:40', '11:50', 36045768, 36046049, 36042934, 36045494, 36043950]
['mbk', '11:40', '11:50', 36046031, 36043384, 36045705, 36045421, 36043899, 36045310, 36045890, 36042401, 36046019, 36045983, 36045800, 36045995, 36045298, 36043449, 36046042, 36045136, 36044886, 36027643, 36046038, 36045854, 36040933, 36042321, 36043473]
['all', '11:40', '11:50', 36045451, 36045333, 36040502, 36046031, 36046056, 36043794, 36039288, 36043107, 31052742, 36044642, 36045232, 36043384, 36045705, 36041541, 30810861, 36045907, 36045285, 36045371, 36045856, 36045559, 36045853, 36045746, 36040191, 36046055, 36046047, 36045922, 36045421, 33138215, 36044588, 36045712, 36037104, 36039856, 36044727, 36045979, 36046011, 36044716, 36046029, 36043899, 36045310, 36044151, 35398839, 36045713, 36043640, 36045426, 36046010, 36042183, 36044153, 36045968, 36036872, 35923109, 36043403, 36041839, 36046054, 35117176, 36046053, 36045766, 36045502, 36045717, 36046027, 36045890, 36046052, 36045810, 35271379, 36007359, 36042401, 36041796, 36045913, 36045496, 36045453, 36046015, 36042725, 36039789, 36041959, 36045425, 36045530, 36045911, 36042517, 36045873, 36045700, 36045503, 35187660, 36046051, 36045222, 36044335, 36045768, 36046050, 36029763, 36045051, 36046019, 36046049, 36045983, 36045988, 36041432, 36044929, 36046048, 36042934, 36042698, 35987741, 36045943, 36044683, 36045646, 36039157, 36046005, 36044419, 36045531, 36042814, 36045881, 36046014, 36045375, 36045403, 36045468, 35128504, 36039592, 36045826, 36043647, 36045217, 36038410, 36045715, 36046043, 36045967, 36045494, 36045087, 36045546, 36045876, 36045800, 36040771, 34079266, 36045597, 36015547, 36044752, 36046046, 36045757, 36045458, 36045758, 36043048, 36045995, 36045883, 36037526, 36045563, 36045730, 36044121, 36039189, 36045498, 36046045, 36045976, 36045094, 36043905, 35965407, 36044909, 33605791, 36042849, 36045897, 36046044, 36045912, 36045868, 36045008, 36045971, 36043933, 36045298, 36043449, 36045137, 36045772, 36045469, 36044221, 36046034, 36029598, 36044799, 36045045, 36035679, 35949403, 36042036, 36046023, 36045104, 36045962, 36045614, 36044334, 36045789, 36045105, 35379282, 36044077, 36045698, 35976814, 36026496, 36044809, 36045541, 36042944, 36044665, 36046041, 36046042, 36046040, 36041356, 36045136, 36045442, 36045650, 36044088, 36045272, 36043177, 36045587, 36045814, 36045671, 30777355, 36045958, 36045932, 36045390, 36044886, 36044710, 36029290, 36030737, 36045954, 36027643, 34743595, 36046038, 36045830, 36033482, 36046037, 36038900, 36046036, 36044114, 36027851, 36045660, 35896919, 36045483, 36045854, 36046004, 36045098, 36043880, 36045812, 36046035, 36045771, 36044398, 31236085, 35969446, 36045477, 36045959, 36004782, 36043008, 36045752, 36044544, 36046033, 36045297, 36045628, 36046032, 36045621, 36045015, 36043950, 36044972, 32315131, 36045898, 36037195, 36045741, 36045953, 36043024, 36046030, 36014752, 36045505, 36045997, 35483687, 36043815, 36040933, 36043292, 36045305, 36045944, 36046028, 35107173, 36042321, 36043966, 36045069, 36043473, 36045507, 36043705, 36040610, 36046026, 32562042, 35999657, 36042777, 36046025, 36045857]
['ratchada', '11:40', '11:50', 36045285, 36044153, 36045502, 36045717, 36045988, 36042934, 36042814, 36045715, 36045494, 36045458, 36043048, 36044909, 36042849, 36045008, 36029598, 36035679, 35976814, 36045442, 36029290, 36043008, 36043950, 36043024, 36043966, 36045507, 36042777]
['rajdumnern', '11:40', '11:50', 36045746, 36045911, 36045698, 36043705]
['isolate', '11:40', '11:50', 36046051, 36046050, 36045826, 36043177, 35483687, 36045944]
['social', '11:40', '11:50', 36045705, 36046029, 36045713, 35117176, 36007359, 36041796, 36045531, 36042814, 36045967, 36015547, 36045758, 36044121, 36039189, 36045976, 36045897, 36043449, 36046034, 36029598, 36045136, 36027643, 36045483, 36046004, 36043950, 36014752, 36043815, 36045507]
['religious', '11:40', '11:50', 36039856, 36045496, 36045531, 36040771, 36045789, 36044077, 36046040]
['supachalasai', '11:40', '11:50', 36045913, 36045530, 36045503, 36045988, 36045943, 36045646, 36044419, 36046014, 36045563, 36045137, 36045650, 36044088, 36038900, 36045621, 36044972, 36045953]
['siam', '11:40', '11:50', 36045451, 36043794, 36043107, 36045371, 36044151, 36036872, 36046053, 36046027, 36046049, 36045531, 36046045, 36045912, 36045469, 36045104, 36045105, 36045814, 36045660, 36037195, 36046030, 36043815, 36046028]
['lumpini', '11:40', '11:50', 36046054, 36045810, 35271379, 36042725, 36045468, 36043647, 36045758, 36044121, 36045976, 36045971, 35949403, 36046033]
['sinthorn', '11:40', '11:50', 36046031, 36043384, 36045907, 36045856, 36040191, 36046011, 36045713, 36045453, 36041959, 36042517, 36045700, 35987741, 36045967, 36045876, 36045546, 36015547, 36045758, 36045498, 36045868, 36042036, 35949403, 36044809, 36041356, 30777355, 36045932, 34743595, 36045752, 36045015, 36045741, 36046025]
['silom', '11:40', '11:50', 36045451, 36040502, 36046031, 36046029, 36044151, 36046052, 36041796, 36045453, 36045425, 36042517, 35987741, 36045087, 36045597, 36015547, 36039189, 35949403, 36041356, 34743595, 36046036, 36045628]
['wahkor', '11:40', '11:50', 36045426, 36044929, 36046048, 36045403, 36038410, 36045715, 36044121, 36045976, 36045772, 36045698, 36044710, 36043950, 36045305]
['library', '11:40', '11:50', 36046055, 36045453, 36046049, 36045403, 36045469, 36044710, 36045660, 32315131, 36045305]
['art', '11:40', '11:50', 36046028]
