['food', '12:50', '13:00', 36044196, 36031927, 36039449, 36045963, 36042443, 36030737, 36045731, 36037902]
['greenzone', '12:50', '13:00']
['camera', '12:50', '13:00', 36046234, 36046227, 36046194, 36045828, 36041893, 36046156, 36046024, 30498213]
['cartoon', '12:50', '13:00', 36044875, 36043597, 36046020, 36045991]
['gallery', '12:50', '13:00', 36046126, 36046212, 36041893, 36046215]
['klaibann', '12:50', '13:00', 36045523, 36045403, 36046231, 36045934, 36046228, 36041796, 36046215]
['jatujak', '12:50', '13:00', 36042729, 36041572, 36045311]
['chalermkrung', '12:50', '13:00', 36043644, 36046071, 36045962]
['chalermthai', '12:50', '13:00', 36046059, 36045075, 36046225, 36044799, 36009783]
['family', '12:50', '13:00', 36045018, 36046177, 36044191, 36036898, 36045830, 36046189, 36045597, 36045810, 36043078, 36041796, 36041432, 36037902, 36044678]
['home', '12:50', '13:00', 36046235, 36046028, 36046066, 36044154, 36046011, 36045597, 36041572, 35620216, 36041804, 36015575, 35621683]
['siliconvalley', '12:50', '13:00', 36046235, 36046087, 36046233, 36045704, 36046028, 36045936, 36046232, 36044875, 36045705, 36045411, 36045958, 36046090, 36045766, 36045991, 36044563]
['beauty', '12:50', '13:00', 36044151, 36042729, 36044876, 36046189, 36045437, 36044155, 36045382, 36043309, 36044712, 36039132, 36046176, 36045878, 36045207]
['writer', '12:50', '13:00', 36046226]
['blueplanet', '12:50', '13:00', 36025710, 36044196, 36038138, 35999666, 36045830, 36033343, 36046231, 36046230, 36046194, 35545991, 36045934, 36044799, 36042777, 36045700, 36029014, 36046126, 36046222, 36046218, 36027621, 36046212, 36046215, 36045937, 36039189, 36044867, 36046209, 36045415, 36045993, 36045806]
['tvshow', '12:50', '13:00', 36040354, 35965407, 36044303, 36022011, 36046063, 36046140, 36046225, 36044621, 36045954, 36046101, 36038811, 36044323, 36043010, 36044263, 35989216, 36045725, 36044965, 36045922, 36046219, 36039132, 36039189, 36044980]
['bangrak', '12:50', '13:00', 36046177, 36045862, 36046035, 36046188, 36046027, 36045662, 36046198, 36046058, 36045756, 36041796, 36046205, 36044582, 36045797, 36045478, 36039775, 36043719, 36046210, 36046152, 36041432, 36044678, 36046075]
['horoscope', '12:50', '13:00', 36042739, 36041573, 36045440, 36046213]
['pantip', '12:50', '13:00']
['region', '12:50', '13:00', 36025710, 36044196, 36043950, 36046194, 36046230, 36044897, 36045806]
['mbk', '12:50', '13:00', 36044695, 36045739, 36045936, 36045733, 32380626, 36045705, 36044673, 36045847, 36044770, 36045616, 36046090, 36046153, 36045680, 35472724, 36045878, 36044563, 36046183, 36044501]
['all', '12:50', '13:00', 36045018, 36046235, 36046177, 36044151, 36045305, 36044695, 36046142, 36025710, 36044191, 36040354, 36044616, 36046074, 36036898, 36046175, 36045523, 36046234, 36045588, 36045862, 36045646, 36044196, 35965407, 35926995, 36044303, 36043644, 36042729, 36046035, 36046087, 36038138, 36043705, 35999666, 36041956, 36046227, 36045943, 36046233, 36031927, 36022011, 36045911, 36046063, 36046059, 36046140, 36046225, 36045075, 36046229, 36046164, 36040502, 36045403, 36046188, 36042592, 36045704, 36046027, 36045371, 36045739, 36046109, 36045716, 36045830, 36039449, 36033343, 36046028, 36045936, 36045999, 36046232, 36045662, 36046066, 36046231, 36043950, 36045530, 36046194, 36046230, 36044876, 36044365, 36045733, 36042739, 36044897, 36045959, 36046198, 32380626, 35545991, 36045340, 36045934, 36044875, 36044799, 36045348, 36042777, 36037531, 36044621, 32975132, 36045954, 36045789, 36045700, 35985918, 36044154, 36046101, 36044745, 32939836, 36046011, 36046228, 36045885, 36044012, 36043055, 36045705, 36045965, 36029014, 36038811, 36046126, 36044323, 36046226, 36046189, 36043597, 36046058, 36043010, 36041573, 36044263, 35989216, 36045725, 36045437, 36045633, 36046158, 36045411, 36045743, 36044493, 36043465, 36009783, 36045756, 36046222, 36044965, 36046020, 36039696, 36044155, 36044673, 32382953, 36035992, 36046218, 36045828, 36045440, 36045597, 36044201, 36045847, 36045382, 36045922, 36046220, 36027621, 36046212, 36041893, 36046208, 36046219, 36046217, 36044770, 36041572, 36046055, 36046092, 36046071, 36042837, 36045842, 36045810, 36043078, 36045958, 36041796, 36045760, 36045963, 36043405, 36045148, 36046216, 36046215, 36043309, 36045818, 36045759, 36046214, 36045616, 36046213, 36045937, 36016946, 36046205, 31370374, 36044712, 36046163, 36039132, 36045953, 36042443, 36030737, 36045746, 36046090, 36039189, 36045731, 36044582, 36045797, 36045478, 36046156, 36046009, 36046153, 36043719, 36039775, 36046051, 36046211, 36044867, 36045766, 36046210, 36046209, 36045991, 36044980, 36046152, 36046129, 36045745, 36046176, 36045680, 36043414, 36045713, 35620216, 35472724, 36041432, 36045415, 36041804, 36045993, 36046024, 36045962, 36037902, 36046161, 36045009, 36015575, 36045621, 36044678, 36046075, 36045878, 36046114, 36041565, 36046062, 36044563, 35621683, 36045806, 30550643, 36045107, 36045311, 36046183, 36045207, 36044501, 36043757, 30498213]
['ratchada', '12:50', '13:00', 36046074, 36046175, 36045588, 36046229, 36042592, 36043950, 36044897, 36045340, 36042777, 35985918, 36043055, 36045965, 32382953, 36042837, 36016946, 36046009, 36045993]
['rajdumnern', '12:50', '13:00', 36043705, 36045911, 36046208, 36046217, 36045746, 36043757]
['isolate', '12:50', '13:00', 35926995, 36045999, 36046158]
['social', '12:50', '13:00', 36046177, 36036898, 36045588, 36044196, 36041956, 36031927, 36043950, 32939836, 36045885, 36045705, 36041573, 36041893, 36044770, 36042837, 36041796, 36045963, 36043405, 36045148, 36039189, 36043719, 36045745, 36045713, 35620216, 36046062, 35621683, 30550643]
['religious', '12:50', '13:00', 32975132, 36045789, 36045885, 36046051, 36046211, 36046062]
['supachalasai', '12:50', '13:00', 36046175, 36045646, 36045943, 36046109, 36045530, 36045340, 36037531, 36045633, 36044493, 36043465, 32382953, 36046220, 36046092, 36045842, 36043309, 36045759, 36046163, 36045953, 36043414, 36046161, 36045621, 36045878, 36046114, 36041565, 36045107]
['siam', '12:50', '13:00', 36044151, 36036898, 36045523, 36045862, 36046233, 36045371, 36046028, 36044365, 36046198, 36044012, 36046058, 36045756, 36039696, 36045760, 36043405, 36045148, 36039775, 36043719, 36046210, 36046152, 36046075]
['lumpini', '12:50', '13:00', 36036898, 36038138, 36044155, 36045382, 36045810, 36043405, 36046216, 36043309, 36046176, 36045009, 36045878]
['sinthorn', '12:50', '13:00', 36046142, 36046074, 36045588, 36031927, 36042592, 36046066, 36044897, 36045959, 36045348, 36045700, 36044154, 32939836, 36046011, 36045818, 31370374, 36045731, 36045713, 35620216, 35621683, 36043757]
['silom', '12:50', '13:00', 36044151, 36046142, 36045523, 36038138, 36040502, 36045716, 36044365, 36044897, 36044745, 32939836, 36035992, 36045828, 36045597, 36041796, 36046216, 31370374, 36039189, 36045731]
['wahkor', '12:50', '13:00', 36045305, 36044616, 36045523, 36045403, 36043950, 36044745, 32939836, 36044201, 36046214]
['library', '12:50', '13:00', 36045305, 36046063, 36045403, 36045716, 36044365, 36046226, 36045743, 36044201, 36046212, 36046217, 36046055, 36045760, 36042443, 36046051, 36046129, 36046062]
['art', '12:50', '13:00', 36046028]
