['food', '09:40', '09:50', 31028670, 36045451, 36031927, 36045649, 31762342, 36044322, 35844492, 30084199]
['greenzone', '09:40', '09:50', 36045593]
['camera', '09:40', '09:50', 36044979, 36021571, 36045141, 36042897, 36045566, 36043152, 36042881, 36043461, 36045412, 36043904, 36043497, 36044808, 36045299, 36044929, 36038447]
['cartoon', '09:40', '09:50', 36040189, 36045002, 36045208, 36041620, 36040037, 36044183, 35999331]
['gallery', '09:40', '09:50', 36045141, 36043592, 36044929]
['klaibann', '09:40', '09:50', 36045637, 36040051, 36045047, 36003826, 30926898, 36043292, 36045635]
['jatujak', '09:40', '09:50', 36044605, 36045333, 36045580, 36041304, 36043983, 36045656, 36045311]
['chalermkrung', '09:40', '09:50', 36044973, 36043522, 36037759, 36045658, 36044443, 36045638, 36045206, 36045645, 36044658, 36045174]
['chalermthai', '09:40', '09:50', 36044398, 31728873, 36041666, 36045208, 36039422, 36044658, 36044561]
['family', '09:40', '09:50', 30945110, 31028670, 36044080, 36044824, 36040051, 36045575, 36043367, 36040037, 36045485, 36044662, 36045018, 36034264]
['home', '09:40', '09:50', 36042698, 36045493, 36045661, 36043983, 36045535, 36039544]
['siliconvalley', '09:40', '09:50', 36045251, 36045152, 36043463, 36044402, 36043527, 36045602, 36042881, 36045412, 36045302, 35650503, 36044886, 36044563]
['beauty', '09:40', '09:50', 36041500, 36045375, 30926898, 36045640, 36045290, 36044151]
['writer', '09:40', '09:50', 36045647, 36042181]
['blueplanet', '09:40', '09:50', 36045663, 36045587, 36045637, 36042777, 36045479, 36044824, 36045047, 36044299, 36045651, 36045614, 36003826, 36043975, 36045295, 35844492, 36039189, 36043437, 34159431, 36045334, 36044929]
['tvshow', '09:40', '09:50', 36045619, 36045631, 36045541, 36045002, 36044936, 36045658, 35546422, 35989216, 36045638, 36044212, 36045188, 36044965, 36041337, 36039612, 36039544, 36011927, 36044991, 36043868, 36044877, 36044561, 36044332, 36039189, 36044505, 36044420, 36043943]
['bangrak', '09:40', '09:50', 36044237, 36045662, 34104072, 36045491, 36045511, 36045456, 36045168, 36045575, 36044582, 36045459, 36045565, 36045485, 36044662, 35695786, 36044729, 36044776, 36043107, 36045515]
['horoscope', '09:40', '09:50', 36040183, 36043521, 36043268, 36045632, 36045630, 36036872]
['pantip', '09:40', '09:50']
['region', '09:40', '09:50', 36045479, 36044824, 36045624, 36045656, 36043975]
['mbk', '09:40', '09:50', 36043698, 36044938, 36045606, 36045571, 36042438, 36045401, 33146303, 36045641, 36045616, 36045655, 36045556, 36045136, 36044368, 36032288, 36043938, 36045648, 36044506, 36045223, 35650503, 36044026, 30197955, 34718749, 36044886, 36044552, 36044563]
['all', '09:40', '09:50', 36040189, 36045517, 36044605, 36044398, 31728873, 36045333, 36044979, 36043698, 36045663, 36044891, 36045600, 36044237, 36045348, 36021571, 36045587, 36045646, 36044938, 36044973, 36045619, 30945110, 36044958, 36045637, 36044698, 36045631, 36045541, 36042777, 36045251, 36045546, 36043979, 36045650, 36041666, 36043522, 31028670, 36045002, 36044080, 36045479, 36045647, 36044824, 36045606, 36045492, 36045571, 36040051, 36045662, 36045580, 36042698, 36044936, 36045510, 36042066, 36045199, 36045141, 36037759, 36042438, 36043779, 36040183, 34104072, 36045267, 36043631, 36045107, 36022799, 36045491, 36045624, 36045401, 36045493, 36041500, 35546422, 36045360, 36045208, 36045661, 36044443, 36045465, 36045451, 36045611, 36043154, 35142573, 36045001, 36041620, 36045152, 36045660, 36045659, 33146303, 35989216, 36041304, 36045047, 36045638, 36044212, 36044555, 36045561, 36045641, 36043177, 36043983, 36044682, 36031927, 36043463, 36045649, 36040502, 36045616, 36045511, 36045035, 36045657, 31762342, 36045656, 35940776, 36045456, 36045655, 36045188, 36044299, 36045356, 36042221, 36045168, 36045654, 36045621, 36025633, 36045556, 36044402, 36045535, 36045555, 36042897, 36045283, 36043527, 36045136, 36045563, 36044965, 36045566, 36041337, 36045520, 36045653, 36045253, 36044368, 36045575, 36039612, 36032288, 36045114, 36045652, 36043024, 36045442, 36042206, 36045531, 36045375, 36044722, 36044329, 36043521, 36045644, 36045386, 36044582, 36043938, 36037764, 36039544, 36044049, 36045459, 36045651, 36011927, 36045026, 36045614, 36003826, 36043152, 36039422, 36044991, 36045648, 36043771, 30926898, 36043367, 36045602, 36044322, 36042181, 36040037, 36045595, 36044183, 36045601, 36042881, 36045206, 36043868, 36043461, 36044408, 36043975, 36045645, 36045565, 36043186, 36043592, 36044877, 36045485, 36045412, 36042169, 36039363, 36045311, 36044658, 36043583, 36045532, 35999331, 36045342, 36045643, 36044662, 36045087, 36039085, 36045593, 36045530, 36042333, 36044506, 36045302, 36044561, 35695786, 36045640, 36045639, 36041867, 36043904, 36045295, 36045584, 36032784, 36043268, 36045223, 36045428, 36042969, 35607539, 36045290, 36044332, 36044729, 36045636, 35650503, 35844492, 36043497, 36045635, 36043292, 36045355, 36039189, 36043437, 36044026, 36045634, 34159431, 36045285, 36044832, 36045018, 36044505, 36044420, 36044776, 36043107, 30197955, 36045334, 36042903, 36045591, 36044808, 36044548, 36044151, 36045174, 36045633, 36045515, 36045445, 36043725, 36045632, 30084199, 36045569, 36045299, 36042837, 36045630, 36044929, 36040135, 36045498, 34718749, 36036872, 36045629, 36045330, 36034264, 36043260, 36038447, 36044886, 36043943, 36044012, 36042956, 36044552, 36044563]
['ratchada', '09:40', '09:50', 36042777, 36043979, 36044936, 36042066, 36045199, 36043779, 36022799, 36045624, 36043154, 36045047, 36044555, 36042221, 36045253, 36043024, 36045442, 36042206, 36044722, 36045644, 36045026, 36044408, 36045532, 36039085, 36042969, 35607539, 36045285, 36042837, 36045629, 36042956]
['rajdumnern', '09:40', '09:50', 36045492, 36043631, 36045360, 36044049, 36043260]
['isolate', '09:40', '09:50', 36043177, 36045601, 36039363, 36045428, 36042903, 36045569, 36040135]
['social', '09:40', '09:50', 36044958, 36044080, 36040051, 36043779, 36031927, 36043463, 36045511, 36045035, 36045657, 36045456, 36045555, 36045136, 36045653, 36045575, 36045114, 36045652, 36045531, 36044049, 36045459, 36043367, 36042169, 36044662, 36045593, 36042333, 35695786, 36039189, 36042837, 36045330, 36044552]
['religious', '09:40', '09:50', 36045510, 36045531, 36045342, 36045593, 36045584, 36032784]
['supachalasai', '09:40', '09:50', 36045646, 36045650, 36045107, 36045465, 36045621, 36045283, 36045563, 36043771, 36043583, 36045530, 36045633, 36043725]
['siam', '09:40', '09:50', 36044891, 34104072, 36045267, 36045491, 36045451, 35142573, 36045660, 36045561, 36045511, 36045035, 35940776, 36045456, 36025633, 36042897, 36045653, 36045575, 36045531, 36045459, 36045485, 35695786, 36045635, 36045355, 36044776, 36043107, 36045591, 36044151, 36045515, 36045445, 36036872, 36044012]
['lumpini', '09:40', '09:50', 36044698, 36045659, 36045657, 36044329, 36043367, 36042169, 36042333, 36045445]
['sinthorn', '09:40', '09:50', 36045517, 36045600, 36045348, 36044958, 36045631, 36045546, 36043779, 36045661, 36045611, 36045001, 36031927, 36045356, 36045520, 36045386, 36045595, 36045643, 36045639, 36041867, 36045636, 36045634, 36044832, 36045498, 34718749, 36043260]
['silom', '09:40', '09:50', 36044891, 36044958, 36045631, 36044080, 36045451, 35142573, 36045001, 36040502, 36045602, 36043461, 36045087, 36045355, 36039189, 36045634, 36044832, 36044151, 36044548, 30084199]
['wahkor', '09:40', '09:50', 36045663, 36045580, 36045561, 36043983, 36025633, 36044329, 36037764, 36039085, 36045636, 36044929]
['library', '09:40', '09:50', 36045660, 36044682, 36045654, 36045653, 36045644, 36043975, 36043186, 35999331, 36045635]
['art', '09:40', '09:50']
