['food', '16:50', '17:00', 36038762, 36044788, 36046912, 36039070, 36046928, 36046829, 36039878, 36045155, 36046836, 36046029, 36046556, 36046833]
['greenzone', '16:50', '17:00', 36033641]
['camera', '16:50', '17:00', 36046227, 36038447, 36046907, 36046878]
['cartoon', '16:50', '17:00', 36046740, 36046935, 36046929, 36044030, 36046926, 36046847, 36046872, 36044906, 36040037]
['gallery', '16:50', '17:00', 36046679, 35976814, 36046876, 36046621, 36046885, 36046556]
['klaibann', '16:50', '17:00', 36046567, 36046315, 36046228, 36046829, 36039082, 36045014]
['jatujak', '16:50', '17:00', 36042605, 36046777, 36034922, 35979920, 35987000, 36033641, 36046908, 36046833, 36045333]
['chalermkrung', '16:50', '17:00', 36046813, 36043391, 36046923, 36045658, 36046929, 36044515, 36046853, 36046410, 36046910]
['chalermthai', '16:50', '17:00', 36041666, 36046112, 36046929, 36046922, 36046672, 36046307, 36044906]
['family', '16:50', '17:00', 36044080, 36046902, 36044788, 36046760, 36045018, 36033290, 36046773, 36043605, 35989589, 35987000, 36046177, 36046582, 36036898, 36040173, 36044038, 36044943, 36043954, 36043243, 36041432, 36036359, 36040037]
['home', '16:50', '17:00', 36046924, 36046840, 36046886, 36042512, 36046816, 36042904, 36033641, 36035998]
['siliconvalley', '16:50', '17:00', 36045812, 36046942, 36045848, 36046441, 36046580, 36045875, 36045484, 36046709, 36040643, 36043809, 36046916, 36046154, 35333276, 36044098, 36042938, 36046424]
['beauty', '16:50', '17:00', 36041631, 30636559, 36031657, 35987000, 36046242, 36046748, 36045831, 36046712, 31888992, 36046911, 36046176, 36026379, 36045942, 36044403, 36046904]
['writer', '16:50', '17:00', 36043882, 36045604]
['blueplanet', '16:50', '17:00', 36046679, 36046937, 36046567, 36046880, 36039189, 36046905, 36046279, 36046315, 31939260, 36046930, 35976814, 36046919, 36046876, 36045425, 36046925, 36046621, 36043458, 36046893, 36046885, 36046222, 36045014]
['tvshow', '16:50', '17:00', 36046016, 36046865, 36046770, 36039189, 36046575, 36046686, 36046936, 36040710, 36046299, 36046664, 36045658, 36046832, 36044936, 36036971, 35992637, 36046672, 36046819, 36046853, 36038356, 36046647, 36046823]
['bangrak', '16:50', '17:00', 36046760, 36033290, 36043107, 36046773, 36046721, 36046870, 36046932, 36046075, 36046869, 36046177, 35695786, 36044038, 36045565, 36041432, 36039721, 36012514, 36046868]
['horoscope', '16:50', '17:00', 36040278, 36046891, 36032313, 36046413, 36046802, 35407476, 34832362, 35937533, 33472655, 34268558, 36036872]
['pantip', '16:50', '17:00', 36046647]
['region', '16:50', '17:00', 36046937, 36046880, 36046621, 36046893, 33216198, 35937533, 36042904, 34268558, 36044446, 36046838]
['mbk', '16:50', '17:00', 36046941, 36046153, 36046559, 36045936, 36046864, 36046716, 35983020, 36046563, 36046887, 36043698, 36046031, 36046854, 36046907, 36045187]
['all', '16:50', '17:00', 31202875, 36045621, 36040278, 36045812, 36046924, 35991987, 36038762, 36046891, 35880257, 36046420, 36045759, 36046727, 36041666, 36041631, 36046942, 36044080, 36046689, 36045943, 36046941, 36046927, 36046902, 36046940, 36042605, 36046669, 36046016, 36046153, 36046601, 36046939, 36046740, 36046865, 36043799, 36046777, 36046679, 36046812, 36044631, 36046938, 36046813, 36044848, 36046889, 36045848, 36046441, 36046843, 36046538, 36046920, 36046559, 36044788, 36044283, 36046770, 36046937, 36046760, 36046358, 36046580, 36045849, 36046567, 36045018, 36046839, 36045746, 36043391, 30636559, 36046880, 36033290, 36032313, 36039189, 36046575, 36046905, 36043107, 36046912, 36046279, 36045875, 36046645, 36046686, 36046773, 36046721, 36042574, 36045936, 36045484, 36045920, 36034922, 31269421, 36046840, 36046217, 36046830, 36046936, 36045348, 36046413, 30678699, 36046681, 36046870, 36046935, 36046743, 36046934, 36031657, 36043605, 36046709, 36046513, 36046864, 36046886, 36046933, 35989589, 36046315, 35979920, 36039070, 36040710, 36046112, 31939260, 36046932, 35987000, 36046299, 36046923, 36045517, 36045600, 36034541, 36046931, 36046858, 36046075, 36046664, 36046228, 36046633, 36045658, 36046832, 36046930, 35976814, 36046929, 36046480, 36046869, 36040643, 36046449, 36046928, 36044515, 36045627, 36046919, 36044030, 36046915, 36046876, 36044936, 36046177, 36046716, 36046582, 36046242, 36046926, 36046547, 36045425, 36045496, 36046925, 36046621, 36045734, 35695786, 36046922, 36046802, 35407476, 36043458, 35312189, 34832362, 36046893, 35983020, 36040282, 36046563, 36046748, 36046820, 36044229, 36046914, 36045271, 36042512, 36036898, 36041746, 36040173, 36046214, 36045916, 36046887, 33216198, 36046885, 36045371, 36046921, 36036971, 36045789, 36043532, 36046586, 36046829, 36044565, 35937533, 35992637, 35984578, 36043809, 36046918, 36044038, 36046871, 36044943, 36046917, 33472655, 36046290, 36046384, 36046816, 36045842, 36046916, 36046672, 36045831, 36042904, 36039878, 34268558, 36045155, 36046227, 36043698, 36046819, 36045548, 36039082, 36043882, 36046154, 36037940, 36043908, 36046031, 36044329, 36043954, 36045604, 36046847, 36046652, 36042036, 36046836, 36046906, 36046853, 36046913, 36044446, 35333276, 36044098, 36043243, 36044441, 36046410, 36046529, 36046712, 36046307, 36033641, 36046835, 36045480, 36046838, 31888992, 36046911, 36038447, 36046854, 36045565, 36046907, 36046846, 36046029, 36046910, 36046866, 36042938, 36046909, 36046222, 36041432, 36046908, 36046176, 36046359, 36039721, 36046872, 36012514, 36038356, 36045123, 36046868, 36035998, 36026379, 36045187, 36045014, 36046647, 36046878, 36045942, 36046823, 36036872, 36045340, 36046556, 36044403, 36046424, 36046833, 36045646, 36036359, 36045333, 36044906, 36046904, 36040037]
['ratchada', '16:50', '17:00', 35991987, 36043799, 36046812, 36046880, 36046645, 36045920, 36046886, 36046933, 35976814, 36045627, 36046919, 36044936, 36046547, 36046893, 36046820, 36045271, 36045916, 36044038, 36037940, 36043908, 36044446, 36046838, 36046359, 36045340]
['rajdumnern', '16:50', '17:00', 36046938, 36046843, 36046920, 36045746]
['isolate', '16:50', '17:00', 36046915, 35312189, 36046917, 36046913, 36045480, 36045123]
['social', '16:50', '17:00', 36046941, 36046902, 36045848, 36046580, 36032313, 36039189, 36046870, 36039070, 36046932, 36046931, 36046858, 36046869, 36046177, 36046582, 35695786, 36046820, 36046914, 36036898, 36046586, 36042904, 36043882, 36046836, 36046906, 36043243, 36046029, 36046556, 36036359]
['religious', '16:50', '17:00', 36044283, 36045496, 36045789]
['supachalasai', '16:50', '17:00', 36045621, 36046420, 36045759, 36046727, 36045943, 36046669, 36046538, 36046645, 36046633, 36044229, 36044565, 36045842, 36046819, 36043908, 36046835, 36045340, 36045646]
['siam', '16:50', '17:00', 36032313, 36043107, 36046773, 36046721, 36046870, 36046743, 36046932, 36046075, 36046582, 36046926, 35695786, 36046802, 36040282, 36036898, 33216198, 36045371, 36045548, 36039721, 36036872]
['lumpini', '16:50', '17:00', 31202875, 36046902, 36046777, 36044631, 36046538, 31269421, 36031657, 36046449, 36046242, 36036898, 36040173, 36046586, 36046829, 36045831, 36043882, 36044329, 36046712, 36046909, 36046176, 36044403]
['sinthorn', '16:50', '17:00', 36046924, 35880257, 36046689, 36046927, 36046940, 36046601, 36046939, 36044848, 36046889, 36046358, 36046839, 36046840, 36046830, 36045348, 36046681, 36046934, 36046513, 36046315, 36045517, 36045600, 36046480, 36045734, 36046887, 36046918, 36046871, 36046384, 36046290, 36046816, 36046031, 36046652, 36042036, 36044441, 36046529, 36046846, 36046866]
['silom', '16:50', '17:00', 36046942, 36045849, 36039189, 30678699, 36046681, 36046743, 36039070, 36045425, 36043532, 36046586, 36046384, 36046916, 36042904, 36046031, 36046836, 36046529, 36046029, 36012514, 36046868, 36046833]
['wahkor', '16:50', '17:00', 36046441, 36042574, 36045484, 36039070, 36034541, 36046449, 36046802, 36042512, 36041746, 36046214, 36039082, 36044329, 36012514]
['library', '16:50', '17:00', 36046217, 36046743, 36034541, 36040282, 36046921, 35984578, 36039082, 36043882, 36046556]
['art', '16:50', '17:00', 36046929, 36046307, 36046878]
