['food', '16:20', '16:30', 36046844, 36040272, 36046829, 36038660, 36045451, 36030655, 36046836, 36043347, 36046834, 36046833, 36039645, 33169366, 36044196, 36042467, 36044788, 36046455, 36046169, 36043905, 36046607, 36046711]
['greenzone', '16:20', '16:30', 36036772]
['camera', '16:20', '16:30', 36031476, 36046549, 36041212, 36043455, 36046448]
['cartoon', '16:20', '16:30', 36046847, 36046047, 36045161, 36046588]
['gallery', '16:20', '16:30', 36046731, 36046679, 36045811]
['klaibann', '16:20', '16:30', 36046228, 36046479, 36046231, 36046386, 36046829, 36046754, 36036441, 36045374, 36045940, 36046613]
['jatujak', '16:20', '16:30', 36046731, 36046842, 36045333, 36046833, 36046800, 36044227, 36045311, 36045853, 33388667, 36046757, 36046711]
['chalermkrung', '16:20', '16:30', 36046763, 36045518, 36046813, 36045962, 36039157, 36041671]
['chalermthai', '16:20', '16:30', 36037503, 36045161, 36046638]
['family', '16:20', '16:30', 36045018, 36046845, 36044080, 36046582, 36046776, 36040292, 36046283, 36041608, 36045811, 36044788, 36046177, 36043905, 36046607]
['home', '16:20', '16:30', 36046840, 36046796, 36046744, 36046239, 36046803, 33169366, 36043484, 36045661, 36045232, 36046235, 36046780, 36039122]
['siliconvalley', '16:20', '16:30', 36046399, 36046441, 36046790, 30571216, 36046610, 36046192, 36046580, 36046665, 36046803, 33593119, 36036634, 34303654, 36045812, 36046038, 36046376, 36043941, 36046235, 36046780, 34646846]
['beauty', '16:20', '16:30', 36046537, 36042519, 36038660, 36046750, 36028254, 36039157, 31450651, 36045640, 36044457, 36044155, 36044151, 35999149, 36039122, 30125853, 36045470]
['writer', '16:20', '16:30']
['blueplanet', '16:20', '16:30', 36045047, 36046731, 36043458, 36046683, 36046824, 35150650, 36046231, 36046386, 36046754, 36045700, 36046679, 36030655, 36046809, 36046222, 36044904, 36044818, 36046508, 36045374, 36044227, 36046431, 36044196, 36046831, 36039189, 36045506, 36045811, 36046417, 36046455, 36045941, 36046762, 36046613]
['tvshow', '16:20', '16:30', 36045922, 36046625, 36046832, 36046575, 36044936, 36046063, 36039189, 36039157, 36046555, 36046354, 35989216, 36046823, 36045873, 36041671, 36044965, 36046770]
['bangrak', '16:20', '16:30', 36046850, 36046152, 36046751, 36043946, 36045997, 36046841, 36046721, 36043794, 36044532, 36031690, 36038079, 36041608, 36045045, 36026256, 36046750, 36046474, 36032004, 36046807, 36044920, 36046346, 35621384, 36043537, 36045940, 36046657, 36045565, 36046478, 36044178, 36046177, 36046666, 36045172, 35775622, 36046383]
['horoscope', '16:20', '16:30', 36045997, 36046413, 36042739, 36036872, 36043013, 36044924]
['pantip', '16:20', '16:30', 35999149]
['region', '16:20', '16:30', 36045494, 36040272, 36046838, 36044227, 36044196, 36045624, 36046455, 36046454]
['mbk', '16:20', '16:30', 36045084, 36046789, 36045655, 36046698, 36045926, 36046837, 36045800, 36046620, 36046821, 36042691, 36046038, 36046825, 36045919, 36043941, 36042861, 36046694]
['all', '16:20', '16:30', 36045920, 36046164, 36037503, 36045065, 36046850, 36046228, 36045084, 36046537, 36046731, 36045047, 36045348, 36045371, 36046763, 36046152, 36043458, 36045922, 36046751, 36045644, 36046399, 36046849, 36045018, 32985656, 36046848, 35995948, 36046683, 36046586, 36046789, 36046743, 36046847, 36045494, 36046824, 36046840, 35150650, 36043946, 36046768, 36031476, 36045164, 36045997, 36046841, 36046827, 36046846, 36045655, 36046479, 36046747, 36046721, 36046513, 36046844, 36043794, 36046014, 36040272, 36045518, 36046109, 36045381, 36046441, 36046413, 36046838, 36045746, 36046625, 36046845, 36022392, 36044080, 36046582, 36046843, 36046842, 36046669, 36046231, 36046776, 36046386, 36046579, 36046790, 36046829, 36045789, 30571216, 36046754, 36044532, 36045333, 36046698, 36046839, 36042739, 36031690, 36045926, 36046837, 36046610, 36046073, 36046549, 36042519, 36045700, 36036772, 36046192, 36046796, 36038660, 36046813, 36041956, 36046744, 36046679, 36045800, 36046580, 36046620, 33586507, 36046772, 36040292, 36046665, 36045451, 36046835, 36046283, 36046832, 36046609, 36030655, 36046681, 36046438, 36046727, 36038079, 36046575, 36034522, 36046809, 36041608, 36046836, 36045005, 36045045, 36044936, 36046047, 36038908, 36046222, 36026256, 36046429, 36046830, 36046115, 36046239, 36046750, 36046063, 36046803, 36046474, 36043347, 36044904, 36046144, 36044818, 35711207, 36036872, 36032004, 36046834, 36046508, 36036441, 36045374, 36046833, 36046800, 36039645, 33593119, 36044227, 36041212, 36028254, 36046821, 36043455, 36046693, 36046431, 36045962, 36046216, 33169366, 36044196, 36042467, 36046831, 36039189, 36039157, 36043177, 36043484, 36045624, 36046555, 36046354, 36046807, 36040202, 36036634, 34303654, 36046815, 36044722, 36045506, 36045812, 36045311, 31450651, 36046805, 36046408, 36044078, 36042691, 36045811, 36046265, 36044920, 36046346, 36044788, 36046038, 36045161, 36046376, 36046529, 36045698, 36046637, 36021245, 36045285, 35621384, 36045640, 36045911, 36046448, 36043637, 36046466, 36045661, 36046825, 36044457, 36046290, 36046745, 36043537, 35989216, 36044155, 36046663, 36045940, 36046633, 36046823, 36045919, 36046417, 36046657, 36046822, 36043013, 36045873, 36046571, 36046820, 36041671, 36046311, 36044965, 36045565, 36046455, 36045853, 36046062, 36046471, 36046454, 36045232, 36046638, 36044151, 36046478, 36046781, 36043941, 36046564, 36044178, 36046652, 36045941, 36046235, 35999149, 36046780, 36046738, 36045035, 36046177, 36044294, 36046710, 36039122, 36046684, 36046818, 36046666, 36046770, 36046169, 36046762, 35952964, 36045646, 30125853, 36043905, 36046588, 36046645, 36046811, 36044924, 36045172, 33388667, 36046613, 36046757, 35775622, 36046607, 36046383, 36045470, 36046711, 36042861, 34646846, 36046694, 36045660, 30581289, 33722793]
['ratchada', '16:20', '16:30', 36045920, 36045065, 36045644, 36045494, 35150650, 36046838, 36046579, 36046438, 36034522, 36045005, 36044936, 36046431, 36046831, 36045624, 36046815, 36044722, 36044078, 36046637, 36021245, 36045285, 36046417, 36046820, 36046781, 36046645]
['rajdumnern', '16:20', '16:30', 36046164, 36046768, 36045746, 36046843, 36046408, 36045698, 36045911, 36046684]
['isolate', '16:20', '16:30', 36046849, 35995948, 36045164, 35711207, 36043177, 36046822, 36046571, 36046738, 33722793]
['social', '16:20', '16:30', 36046586, 36046789, 36046747, 36045518, 36046582, 36046386, 36041956, 36046580, 33586507, 36046283, 36046836, 36046239, 36044904, 33593119, 36044196, 36039189, 36040202, 36036634, 36045506, 36043637, 36046663, 36046820, 36046062, 36045035, 36046177, 36046666, 35952964]
['religious', '16:20', '16:30', 36022392, 36045789, 36046609, 36046062, 36046811]
['supachalasai', '16:20', '16:30', 36046014, 36046109, 36046669, 36046835, 36046727, 36038908, 36046144, 36046466, 36046633, 36046564, 36045646, 36046645, 30581289]
['siam', '16:20', '16:30', 36045371, 36046152, 36046751, 32985656, 36046743, 36043946, 36046841, 36046747, 36046721, 36043794, 36046582, 36045451, 36038079, 36041608, 36026256, 36046115, 36046750, 36046474, 36036872, 36044920, 36046346, 35621384, 36046657, 36046311, 36045035, 36044294, 36046818, 35952964, 36046383, 36045660]
['lumpini', '16:20', '16:30', 36046848, 36046586, 36022392, 36046829, 36042519, 36038660, 36046283, 36046429, 36036441, 36046216, 36042467, 31450651, 36044155, 36044924, 30581289]
['sinthorn', '16:20', '16:30', 36045348, 36046840, 36046827, 36046846, 36046513, 36045381, 36046579, 36046073, 36045700, 36046796, 36046772, 36046681, 36046438, 36046830, 36046693, 36040202, 36046805, 36046265, 36046529, 36046448, 36043637, 36046290, 36046745, 36046652]
['silom', '16:20', '16:30', 36046586, 36046743, 36045518, 36046796, 33586507, 36045451, 36046681, 36046836, 36046833, 33593119, 36046216, 36039189, 36043484, 36045506, 36046265, 36046529, 36043637, 36046169, 30125853]
['wahkor', '16:20', '16:30', 36046848, 36046441, 36036772, 36045698, 36046471, 36046710, 36046711]
['library', '16:20', '16:30', 36037503, 36045644, 36046743, 36046063, 36045374, 36046062, 36046818]
['art', '16:20', '16:30']
