['food', '10:00', '10:10', 36044738, 36045714, 36045451, 36044158, 36045710, 36043271, 36038937, 36042466]
['greenzone', '10:00', '10:10']
['camera', '10:00', '10:10', 36042071, 36042043]
['cartoon', '10:00', '10:10', 36042483, 36045002, 36044183, 36044906, 34961601, 36044838, 36044030]
['gallery', '10:00', '10:10', 36042071, 36045182]
['klaibann', '10:00', '10:10', 36044158, 36045708, 36045637, 36045635, 36040051, 35985473]
['jatujak', '10:00', '10:10', 36045333, 36037931, 36039508, 36044227, 36041133, 36043599, 36044838, 36045311]
['chalermkrung', '10:00', '10:10', 36045658, 36043665, 36044968, 36041291, 36045143, 36043169, 36045220, 36044658]
['chalermthai', '10:00', '10:10', 36043665, 36044906, 34961601, 36044658]
['family', '10:00', '10:10', 36037153, 36043243, 36045597, 36045018, 36045707, 36045703, 36044038, 36040051, 36045697, 36045572, 36045575, 36045671, 36041888]
['home', '10:00', '10:10', 36042664, 36045204, 36043872, 36045597, 36044572, 36045690, 36043599, 36044838, 36042463, 36041991, 36044833]
['siliconvalley', '10:00', '10:10', 36045722, 36045721, 36045670, 36045152, 36044409, 36045720, 36037153, 36042483, 36045405, 36045251, 36045711, 36045705, 36045704, 36045683, 36043590, 36044030, 36043463, 36042385]
['beauty', '10:00', '10:10', 36044151, 36043309]
['writer', '10:00', '10:10', 36044670]
['blueplanet', '10:00', '10:10', 36043386, 36045651, 36045369, 34987767, 36045587, 36045409, 36043480, 36045425, 36045700, 36044599, 36045710, 36044227, 36045489, 36045708, 36039189, 36044818, 36045398, 36043458, 36045637, 36045663, 36043420, 36040329, 36045182, 36045466, 36043269]
['tvshow', '10:00', '10:10', 36045404, 36044936, 36044320, 36045658, 36045002, 36045712, 36045166, 36042670, 36044965, 36044372, 36039189, 36045193, 35913321, 36043169, 36045390, 36045220, 36045583, 36045044, 36045419, 36018808, 36044135]
['bangrak', '10:00', '10:10', 36035876, 36045491, 36043107, 36045459, 36045129, 36045565, 36045478, 36045533, 36041541, 36044857, 36045140, 36045662, 36045696, 36042484, 35775622, 36040623, 36045685, 36044038, 36045667, 36044582, 36045575, 36045608, 36045671]
['horoscope', '10:00', '10:10', 36045196, 36043544, 36045394]
['pantip', '10:00', '10:10', 36044968]
['region', '10:00', '10:10', 36043386, 34987767, 36044599, 36044227, 36045624, 36045618, 36043950, 36043269]
['mbk', '10:00', '10:10', 36045721, 36045641, 36045720, 36037153, 36045616, 36045556, 36045691, 36045705, 36042463, 36045418, 35233050, 36045025, 36045680, 36043590, 36045655]
['all', '10:00', '10:10', 36035876, 36045723, 36045404, 36045465, 36043465, 36043386, 36045369, 36045651, 36045621, 36043911, 36044670, 36044675, 36045722, 36044600, 36042071, 36045333, 36042664, 36044936, 36045721, 34987767, 36045670, 36045641, 36045204, 36045152, 36044409, 36045720, 36037153, 36045587, 36045196, 36037931, 36044738, 36039508, 36045718, 36045719, 36045491, 36043544, 36045520, 36043107, 36044320, 36045409, 36038908, 36045609, 36045658, 36045717, 36045716, 36043480, 36045425, 36045715, 36045623, 36044972, 36045714, 36045459, 36039071, 36045713, 36045129, 36042483, 36043665, 36045002, 36043736, 36044183, 36045451, 36044968, 36044977, 36045442, 36045565, 36044158, 36045478, 36014983, 36043243, 36043872, 36045533, 36043177, 36044453, 36045405, 36045700, 36045616, 36045712, 36045348, 36045251, 36045597, 36045166, 36042670, 36045711, 36044599, 36044906, 36041541, 36044249, 36044965, 36044572, 36044961, 36045710, 36045496, 36045595, 36045643, 36044857, 36044227, 36045688, 36044722, 36041956, 36045018, 36045140, 36045489, 36045662, 36045709, 36045611, 36045708, 36045690, 36043271, 36043812, 36044151, 36044528, 34961601, 36045556, 36045691, 36042920, 36045707, 36034580, 36045696, 36044372, 36039189, 36043908, 36045706, 36045705, 36045371, 36041133, 36045114, 36041291, 36044818, 36045398, 36045546, 36036770, 36045530, 36045704, 36043154, 36040627, 36043458, 36045637, 36045517, 36043599, 36042484, 35775622, 36045065, 36045428, 36045394, 36045646, 36045702, 36045703, 36044400, 36045432, 36044838, 36044165, 36042463, 36045106, 36045635, 36044391, 36045701, 36040623, 36044138, 36045340, 36045699, 36044419, 36045193, 36045685, 36045283, 36043389, 36045548, 36045148, 36045418, 36045663, 36042785, 35233050, 36045698, 36045349, 36045624, 36044038, 35913321, 36043101, 36045143, 36043420, 36045667, 36045025, 36045683, 36044937, 36040051, 36045289, 36045618, 36045680, 36027924, 36043309, 36043169, 36045697, 36040329, 36045285, 36045567, 35985473, 35942688, 36043590, 36044030, 36045390, 36044582, 36045182, 36041830, 36045572, 36045531, 36045695, 36045262, 36045356, 36030274, 36045220, 36045583, 36041991, 36045044, 36044833, 36045575, 36044549, 36038937, 36042466, 36045461, 36045419, 36045360, 36043950, 36045507, 36043962, 36045694, 36045466, 36044012, 36018808, 36043463, 36044944, 36043881, 36044658, 36043269, 36020426, 36044283, 36045431, 36042043, 36045311, 36045608, 36045671, 36042385, 36039007, 36045570, 36045655, 36045692, 36044135, 36045453, 36041888, 36041139]
['ratchada', '10:00', '10:10', 36044600, 36045718, 36043544, 36045717, 36045715, 36039071, 36043665, 36045442, 36044249, 36044722, 36044372, 36043908, 36043154, 36045065, 36044138, 36045340, 36043389, 36045624, 36044038, 36045285, 36041830, 36043950, 36045507, 36045570]
['rajdumnern', '10:00', '10:10', 36045713, 36044453, 36036770, 36045698, 36045289, 36045461, 36045360, 36039007]
['isolate', '10:00', '10:10', 36045723, 36045609, 36014983, 36043177, 36045688, 36045428, 36045699, 36045567, 36045694]
['social', '10:00', '10:10', 36045720, 36045459, 36045713, 36043243, 36045533, 36042670, 36041956, 36045691, 36034580, 36044372, 36039189, 36045705, 36045114, 36045106, 36045701, 36045148, 36045349, 36040051, 36040329, 35942688, 36045531, 36045575, 36043950, 36045507, 36043463, 36045431, 36045671, 36042385, 36041888, 36041139]
['religious', '10:00', '10:10', 36042670, 36045496, 36042920, 36045531, 36043962, 36044283, 36045692, 36041888, 36041139]
['supachalasai', '10:00', '10:10', 36045465, 36043465, 36045621, 36043911, 36038908, 36045623, 36044972, 36043908, 36045530, 36045646, 36045702, 36044165, 36045340, 36044419, 36045283, 36043309, 35985473, 36043881]
['siam', '10:00', '10:10', 36044675, 36045491, 36043107, 36045459, 36045451, 36044977, 36045478, 36044857, 36044151, 36045707, 36045696, 36045371, 36040627, 36042484, 36045635, 36045548, 36045148, 36045667, 36045618, 36045531, 36045262, 36045575, 36044012, 36020426, 36045431]
['lumpini', '10:00', '10:10', 36035876, 36045533, 36042670, 36040627, 36045701, 36042785, 36043309, 36044833, 36044549, 36045431, 36045671]
['sinthorn', '10:00', '10:10', 36042664, 36045204, 36045520, 36045409, 36039071, 36045713, 36043736, 36045700, 36045348, 36044961, 36045595, 36045643, 36045611, 36044528, 36034580, 36045706, 36045546, 36045517, 36045432, 36042463, 36044391, 36027924, 36045356, 36030274, 36044944, 36045453]
['silom', '10:00', '10:10', 36045719, 36045716, 36045425, 36045713, 36045451, 36044977, 36045597, 36045711, 36044249, 36044961, 36044151, 36039189, 36042463, 36045106, 36044391, 36043101, 36044937, 36045695, 36030274, 36045453]
['wahkor', '10:00', '10:10', 36045715, 36043872, 36043812, 36044400, 36045663, 36045698, 36044833, 36043950, 36044944]
['library', '10:00', '10:10', 36044670, 36044675, 36045716, 36045709, 36045707, 36040627, 36044400, 36045635, 36043101, 36045618, 36020426, 36045453]
['art', '10:00', '10:10']
