['food', '22:10', '22:20', 36015372, 30566696, 36042474, 34104824, 36047253, 36047958]
['greenzone', '22:10', '22:20', 36045593]
['camera', '22:10', '22:20', 36047925, 36047917, 36045412, 36045141, 36043461, 36048094]
['cartoon', '22:10', '22:20', 36045208, 36048106, 36047527, 36048063, 36047781]
['gallery', '22:10', '22:20', 36047925, 36047917, 36045182, 36045141, 36046679, 36043592]
['klaibann', '22:10', '22:20', 36040051, 36048001, 36046228, 36047334, 36045934]
['jatujak', '22:10', '22:20', 36045930, 36048093, 36046977]
['chalermkrung', '22:10', '22:20', 36047337, 36048062, 36047840, 36043391, 36015372, 36047818, 36047561, 36047569, 36048105, 36045051, 36047991, 36047978, 36047167, 36047178, 36048080, 36046643]
['chalermthai', '22:10', '22:20', 36015372, 36048108, 36045208, 36048101, 36048004, 36047412]
['family', '22:10', '22:20', 36045018, 36048104, 36046189, 36044080, 36015372, 36047976, 36047401, 36048106, 36040051, 36044038, 36046776, 36048093, 36048092, 36047739]
['home', '22:10', '22:20', 36047650, 36032050, 36045930, 36046840, 36044185, 36041326, 36046977, 36003422, 36027349, 36041839]
['siliconvalley', '22:10', '22:20', 36048107, 36045412, 36047647, 36047871, 36047965, 36048094, 36035461, 36047230, 36047986, 36046678, 36047537, 36048089, 35865153, 36047325, 36003422]
['beauty', '22:10', '22:20', 36047825, 36047839, 36035917, 36045222, 36044151, 36031657, 36048093, 36010958, 30334839, 36048063, 36048046, 36042363]
['writer', '22:10', '22:20', 36047922]
['blueplanet', '22:10', '22:20', 36032099, 36047385, 36047925, 36044818, 36021642, 36047327, 36047917, 35998723, 36046683, 36024914, 36045182, 36046925, 36042096, 36042777, 36046755, 36047453, 36047998, 36046166, 36048084, 36046679, 36045934, 36047468, 36045614]
['tvshow', '22:10', '22:20', 36047922, 36047957, 35989216, 36046823, 36028920, 36047435, 36015372, 36047659, 36048074, 36048096, 36047876, 36047978, 35887452, 36047138, 36046724, 36047845, 36047154, 36047885, 36047690, 36044870, 36046590, 36046063, 36047611, 36047831, 36047275, 36047746, 36047195, 36047338]
['bangrak', '22:10', '22:20', 36045052, 36047575, 36041733, 36048091, 36047967, 36048109, 36048098, 36047401, 36048052, 36017243, 35775622, 36044582, 36047553, 36023833, 36044038, 36047430, 36031582, 35427120, 35621384, 36047836, 36010958, 36047620, 36047506, 36048082, 36048081, 36047890, 36047769, 36047870, 36047597, 36045248, 36048045]
['horoscope', '22:10', '22:20', 36047832, 36047364, 36033454, 36047983, 36047196]
['pantip', '22:10', '22:20', 36047429, 36048090, 32516818]
['region', '22:10', '22:20', 36047327, 36047917, 36024914, 36042096, 36044851, 36045494]
['mbk', '22:10', '22:20', 36048111, 36047971, 36047179, 36047647, 36048083, 36047230, 35865153, 36046153, 36047822, 36047912]
['all', '22:10', '22:20', 36047337, 36048062, 36032099, 36045371, 36047385, 36045018, 36048111, 36045052, 36047342, 36047840, 36047922, 36046994, 36048110, 36047994, 36047575, 36041733, 36048091, 36047925, 36043391, 36047967, 36047957, 36048104, 36047832, 36047775, 35989216, 36047364, 36046823, 36044818, 36048109, 36046189, 36048012, 36047650, 36028920, 36021642, 36048098, 36047327, 36047825, 36047917, 35998723, 36046683, 36047622, 36047839, 36024914, 36044080, 36015372, 36047976, 36047818, 36047401, 36035917, 36048052, 36047561, 36048085, 36017243, 35775622, 36047659, 36048108, 36047184, 36047569, 36048107, 36045208, 36045182, 36048106, 36048074, 36048105, 36045759, 36048103, 36048102, 36045412, 36047303, 36048027, 36047223, 36048096, 36048029, 36045051, 36048101, 36047078, 36046925, 36046466, 36048004, 36047876, 35887452, 36047978, 30566696, 36047672, 36047028, 36040051, 36044582, 36046074, 30321865, 36047642, 36047971, 36047553, 36045141, 36046927, 36047533, 36023833, 36043461, 36047926, 36044038, 36047527, 36042474, 36045514, 36032050, 36043903, 36047430, 36047142, 36043048, 36047179, 36047647, 36031582, 36047167, 36047044, 36047920, 36047138, 36047429, 36047496, 36045930, 36047871, 36042096, 36042777, 36046724, 36047965, 36048083, 36048088, 36047845, 36046776, 36047154, 34104824, 36048095, 35427120, 36048094, 36035461, 36047885, 36045222, 36048000, 36044151, 36047690, 36031657, 36048093, 36047230, 36047649, 36046755, 36047487, 36046633, 36047291, 36048001, 36046840, 36046228, 36047806, 36048092, 35621384, 36044851, 36047332, 36044870, 36047412, 35563333, 36047453, 36047652, 36048090, 36046590, 36045593, 36047998, 36046678, 36047986, 36033454, 36047537, 36046083, 32516818, 36048089, 36047983, 36046063, 36045494, 36047334, 36047836, 35865153, 36044972, 36046302, 36047178, 36047747, 36047611, 36010958, 36045348, 36048087, 36044185, 36047620, 36046153, 30334839, 36047831, 36041326, 36048086, 36044283, 36047304, 36048063, 36046248, 36047253, 36046166, 36046472, 36047952, 36047275, 36047506, 36047746, 36048084, 36048082, 36046679, 36047890, 36048081, 36047318, 36046956, 36047958, 31130997, 36045943, 36047988, 36046811, 36047769, 36047671, 36047087, 36004265, 36047822, 36046977, 36047870, 36047467, 36047195, 36048080, 36047325, 36046643, 36047781, 35996871, 36003422, 36047739, 36047196, 36043592, 36047597, 36047240, 36048046, 36042363, 36045934, 36047468, 36045614, 36047777, 36045248, 36047912, 36047338, 36027349, 36030762, 36048045, 36048079, 36041839, 36044584, 36046909, 36045116, 35629525, 36048049]
['ratchada', '22:10', '22:20', 36047575, 36047925, 36024914, 36047184, 36048102, 36047078, 36046074, 36044038, 36043048, 36042777, 36048000, 36045494, 36046302, 36047952, 36047087]
['rajdumnern', '22:10', '22:20', 36048012, 36048103, 36047223, 36047533, 36047044, 36047496, 36047291, 36047806, 36048087, 36047304, 36047671]
['isolate', '22:10', '22:20', 36047926, 36045514, 36048095, 35563333, 36046248, 36004265, 36030762, 36048079, 36044584]
['social', '22:10', '22:20', 36047575, 36040051, 36048000, 36048001, 36047652, 36048063, 36047253, 36047769, 36047087, 36046977, 36047739, 36047240]
['religious', '22:10', '22:20', 36047622, 36045593, 36046083, 36047983, 36044283, 36046811]
['supachalasai', '22:10', '22:20', 36046994, 36048110, 36047825, 36035917, 36045759, 36048027, 36048029, 36046466, 36046633, 36044972, 36048086, 36047318, 36045943, 36042363, 36047777, 36045116]
['siam', '22:10', '22:20', 36045371, 36048091, 36047967, 36048109, 36048098, 36048052, 36035917, 36017243, 36047642, 36047553, 36023833, 36047430, 36031582, 36048088, 36044851, 35621384, 36047836, 36010958, 36047620, 30334839, 36047506, 36048082, 36048081, 36047890, 31130997, 36047870, 36047739, 36048045, 35629525]
['lumpini', '22:10', '22:20', 36047994, 36047825, 36035917, 36048102, 30566696, 36031657, 36046472, 35996871, 36047240, 36042363, 36046909, 36048049]
['sinthorn', '22:10', '22:20', 36047342, 36047327, 36048085, 36048102, 36047303, 36047672, 36047028, 36046074, 36046927, 36032050, 36043903, 36047647, 36047044, 36047920, 36047649, 36047487, 36046840, 36047332, 36047747, 36045348, 36046956, 36047988, 36047467]
['silom', '22:10', '22:20', 36032099, 30321865, 36043461, 36046472, 36047240, 36047912, 36048045]
['wahkor', '22:10', '22:20', 36032099, 36047775, 36047142, 36045116]
['library', '22:10', '22:20', 36047922, 36047775, 36015372, 36048088, 36047412, 36046063]
['art', '22:10', '22:20']
