['food', '23:00', '23:10', 36044588, 36038485, 36047958, 36046761, 36048194, 36044788, 36047728, 36046829, 36048144]
['greenzone', '23:00', '23:10', 36045593]
['camera', '23:00', '23:10', 36047889, 36048273, 36048207, 36044929]
['cartoon', '23:00', '23:10', 36040037, 36047837, 36048253, 36042102]
['gallery', '23:00', '23:10', 36047798, 36044929]
['klaibann', '23:00', '23:10', 36044588, 36045882, 36047880, 36046315, 36040538, 36046100, 36046231, 36047810, 36044921, 36046829]
['jatujak', '23:00', '23:10', 36048264, 36046968]
['chalermkrung', '23:00', '23:10', 36044968, 36047120, 36048177, 36048242, 36048080, 36047569, 33128642, 35977018, 36047978, 36046181, 35055199, 36048062, 36047840]
['chalermthai', '23:00', '23:10', 36048268, 36009783, 36033284, 36048036, 35995217, 36048229]
['family', '23:00', '23:10', 36040037, 36048104, 36044080, 36041432, 36041608, 36048262, 36044788, 36037883]
['home', '23:00', '23:10', 30226903, 36044405, 30740283, 36041839, 36040133, 36047200]
['siliconvalley', '23:00', '23:10', 36046803, 36047880, 36046534, 36040459, 36047510, 36046992, 36046790, 36048269, 36048007, 36047950, 36047647, 36047648, 36045981, 36048115, 36047302, 36046709, 36042102, 36047200, 36046003, 36040939]
['beauty', '23:00', '23:10', 31170345, 36047813, 36041498, 36044403, 36044155, 36041866, 36045222, 35939596, 36048251]
['writer', '23:00', '23:10', 36047922, 36045324, 36045319]
['blueplanet', '23:00', '23:10', 36043458, 36047833, 36045882, 36046315, 36048219, 36037732, 36038082, 36046231, 36046905, 36047798, 36047810, 36048252, 36047741, 36044929, 36045506, 36048229]
['tvshow', '23:00', '23:10', 36045922, 36047922, 36047120, 36044936, 36040354, 36047933, 36048147, 36048176, 36048258, 35992637, 36047978, 36043735, 35879684, 36048231, 36048246, 36042106, 36048255, 36048229]
['bangrak', '23:00', '23:10', 36047703, 36045565, 35971602, 36048201, 36047850, 36047465, 36048208, 36047918, 36040917, 36047836, 36031755, 36023833, 36047430, 36041432, 36041608, 36048265, 36026256, 36048266, 36047575, 36048263, 36047785, 36047715, 36046968, 36048244, 36048256, 36048254, 36048213, 36045332, 36048250, 36048247, 36047769]
['horoscope', '23:00', '23:10', 36047639, 35535135, 36046891, 36047983, 36042739]
['pantip', '23:00', '23:10', 36044968]
['region', '23:00', '23:10', 36037732, 36048260, 36043735, 36048252]
['mbk', '23:00', '23:10', 36048261, 36047822, 36047373, 36047589, 36047647, 36045234, 36047802, 36047714, 36042102, 36046003]
['all', '23:00', '23:10', 36044588, 30226903, 36047386, 36048205, 31202690, 36043458, 31170345, 36047813, 36045922, 36048152, 36047889, 36044696, 36048259, 36044405, 36047833, 36046803, 36045882, 36047880, 36048275, 36045567, 36046534, 36047922, 36048274, 36047703, 36047764, 36048000, 36044365, 36048273, 36048129, 36048272, 36045593, 36047651, 36040502, 36048184, 36048268, 36048261, 36040459, 36047445, 36047692, 36047510, 36044968, 36046992, 36046315, 36048271, 36045565, 36048161, 36047120, 36048110, 36044713, 36040037, 36043431, 36048219, 36046790, 31703195, 36047822, 36048269, 36045600, 36047653, 36044936, 36048177, 35971602, 36048007, 36041498, 36038485, 36047958, 36047639, 36047950, 36048201, 36047318, 36048242, 36009783, 36033284, 36047850, 36044403, 36048036, 36047166, 36047373, 36047465, 36048208, 36040354, 36048210, 36048264, 36047918, 36048080, 36040917, 36044155, 36047933, 36048104, 36047836, 36037732, 36041866, 36048147, 36046938, 36048176, 36048258, 36040538, 36046633, 36031755, 36047589, 35992637, 36023833, 36047647, 36048187, 36047430, 36047569, 36046100, 36048267, 36044080, 30740283, 36048202, 33128642, 36046157, 36047627, 35535135, 36041432, 36045107, 36048204, 36041307, 36041608, 36048265, 36046761, 36038082, 36048194, 36047648, 30615135, 36026256, 36048266, 35977018, 36046231, 36045967, 36043737, 36045331, 31385992, 36047575, 36048207, 36046905, 36048263, 36047978, 36048031, 36047777, 36045222, 35841479, 36048262, 36044798, 36041839, 36045324, 36046949, 36042745, 36048017, 36048260, 36045981, 36040998, 36046163, 36048115, 36047785, 36045234, 36046891, 36047983, 36043735, 36047715, 36045842, 36047910, 36044788, 36037883, 36047302, 36047798, 36047928, 35879684, 36046968, 36048231, 36042739, 36048016, 36046709, 36047817, 36048244, 36047837, 36048246, 36042106, 36047802, 36048257, 36048256, 36046181, 36045758, 36011697, 36048255, 36048254, 36039007, 36045319, 36048213, 35939596, 36047664, 36047714, 36048054, 36046738, 35055199, 36048253, 36047728, 36047810, 36044921, 36048252, 36046829, 36048062, 35995217, 36047240, 36048251, 36047458, 36047741, 36045332, 36048250, 36048249, 36047840, 36042102, 32755112, 36040133, 36048144, 36047200, 36048248, 36044929, 36048247, 36045506, 36046003, 36040939, 36047769, 36048229]
['ratchada', '23:00', '23:10', 36047833, 36048000, 36047692, 36044936, 36037732, 36048267, 36047627, 36043737, 36045331, 36047575, 36048031, 36048017, 36040998, 36048016, 36047817]
['rajdumnern', '23:00', '23:10', 36046938, 36046157, 36047648, 36046949, 36039007]
['isolate', '23:00', '23:10', 36044696, 36045567, 36048274, 36047764, 36041307, 35841479, 36047910, 36047928, 36048257, 36011697, 36046738]
['social', '23:00', '23:10', 36048259, 36048000, 36048261, 36047445, 36047465, 36048210, 36041866, 36046157, 36048204, 36047648, 31385992, 36047575, 36037883, 36048016, 36045758, 36048254, 36047714, 36047240, 36045506, 36047769]
['religious', '23:00', '23:10', 31202690, 36048152, 36045593, 36044713, 31703195, 36048260, 36047983, 36047728, 32755112]
['supachalasai', '23:00', '23:10', 36048275, 36048184, 36048110, 36043431, 36047653, 36047318, 36046633, 36045107, 36047777, 36046163, 36045842, 36047664, 36048054, 36047458, 36048249]
['siam', '23:00', '23:10', 36047813, 36048259, 36044365, 36048272, 36048161, 36047120, 36047166, 36047465, 36048208, 36040917, 36047836, 36040538, 36031755, 36023833, 36047430, 36048202, 36048204, 36041608, 36048265, 36026256, 36048266, 31385992, 36044798, 36047785, 36047715, 36037883, 36048244, 36048213, 36048251, 36048250, 36048229]
['lumpini', '23:00', '23:10', 36047813, 36047703, 36048261, 36044403, 36044155, 36041866, 36048262, 36043735, 36037883, 36045758, 36046829, 36047240]
['sinthorn', '23:00', '23:10', 30226903, 36047813, 36048129, 36046315, 36048271, 36045600, 36047647, 36048187, 30615135, 36045967, 36042745, 36045758]
['silom', '23:00', '23:10', 36047386, 36044365, 36048129, 36048272, 36040502, 36046992, 36047166, 36042745, 36045981, 36047240, 36045506]
['wahkor', '23:00', '23:10', 36048205, 36047880, 36047651, 36048269, 36046949, 36047728, 36048248, 36044929]
['library', '23:00', '23:10', 36048259, 36047922, 36044365, 36048129, 36048272, 36047651, 36040538, 36046949, 36044921]
['art', '23:00', '23:10']
