['food', '16:00', '16:10', 36045939, 36042569, 36044581, 36045963, 36046607, 36046761, 36046759, 36044884, 36043905]
['greenzone', '16:00', '16:10', 36043830, 36045593]
['camera', '16:00', '16:10', 36042043, 36045412, 36046549]
['cartoon', '16:00', '16:10', 36046446, 36043597, 36045968, 36045006, 36046771, 36046113, 36044512, 36046740, 36046588, 36045086, 36046191, 36046099, 36027770, 36046047, 36045208, 36044906]
['gallery', '16:00', '16:10', 36046414, 32969433, 36046215]
['klaibann', '16:00', '16:10', 36046613, 36046479, 36045823, 36044921, 36046228, 36046567, 36046202, 36040051, 36046215]
['jatujak', '16:00', '16:10', 36042644, 36045333, 36046764, 36046577, 35998289, 36046757]
['chalermkrung', '16:00', '16:10', 36046756, 36046450, 36044892, 36044217, 36045051, 36042562, 36046015, 36046007, 36046071, 36046574, 36046068, 36046312, 36045658]
['chalermthai', '16:00', '16:10', 36046113, 36037526, 36044799, 36045208, 36044906]
['family', '16:00', '16:10', 36041608, 36044080, 36046773, 32704938, 36046177, 36046460, 36046760, 36046607, 35993181, 36040051, 36046068, 36046189, 36046582, 36043905]
['home', '16:00', '16:10', 32976247, 36045990, 36046201, 36042569, 36044597, 36046715, 36046536, 36037220, 36046373, 36045888, 36046469, 36046235, 36045737, 36046744, 35998289, 36043641, 36041839]
['siliconvalley', '16:00', '16:10', 36046775, 36046604, 36046766, 36045412, 36046304, 36046522, 36045256, 36046292, 36046154, 36043068, 36046398, 36036634, 36046191, 36046235, 36044723, 36044886, 36046534, 36031251, 36046610]
['beauty', '16:00', '16:10', 34870298, 36044712, 36046505, 33328722, 36037220, 36045878, 36044151, 35977793, 36046189, 36045222]
['writer', '16:00', '16:10']
['blueplanet', '16:00', '16:10', 36046613, 36046414, 36045700, 36044436, 36046656, 36044681, 36044818, 32515599, 36046674, 32969433, 36046567, 35806926, 36045425, 36046762, 36029138, 36046276, 36046397, 36045941, 36046215, 36044799, 36045063, 36046508, 36040329]
['tvshow', '16:00', '16:10', 36046756, 36044467, 36046627, 36046354, 36044217, 36046647, 36045306, 36045895, 36046770, 36042713, 36045217, 36046664, 36046686, 36046619, 36045922, 36046362, 36046575, 36046101, 36045658, 36046583, 36046648, 36046625, 36046219, 36046622]
['bangrak', '16:00', '16:10', 36041608, 36044707, 36046773, 36026256, 36046666, 36041541, 36043537, 36046177, 36046751, 36043107, 36046460, 36046760, 36046516, 36044723, 36046348, 36046383, 36046532]
['horoscope', '16:00', '16:10', 36046413, 36046340, 36030033, 36046715, 36043521]
['pantip', '16:00', '16:10', 36046647, 36029138]
['region', '16:00', '16:10', 36046414, 36042446, 36043950, 36043830, 32515599, 36043641]
['mbk', '16:00', '16:10', 36046716, 36046775, 36026217, 36042758, 36046774, 36046766, 36046698, 36046421, 36044552, 36045878, 36045792, 36043068, 36046530, 35663869, 36046753, 36046603, 36046694, 36044886, 36046559]
['all', '16:00', '16:10', 36041608, 36046756, 36046716, 36044467, 36030390, 36046613, 35515686, 32976247, 36045335, 36046446, 36042043, 36045911, 36046775, 36026217, 36046414, 36042758, 36046627, 36046677, 36044707, 36045939, 36046479, 36043597, 36045990, 36046774, 36045968, 36043903, 36044559, 36045789, 36046604, 36046773, 36046772, 36046633, 30318228, 36046413, 36045832, 36046340, 36026256, 34870298, 36046450, 32704938, 34456244, 36044712, 36042446, 36046201, 36046354, 36045517, 36042837, 36046223, 36046766, 36044892, 36046669, 36030033, 36046666, 36044217, 36046647, 36045758, 36043950, 36041541, 36042569, 36045006, 31942537, 36046771, 36043537, 36046684, 36046471, 36045746, 36046765, 35554966, 36046698, 36045700, 36045412, 36046177, 36044436, 36046073, 36046421, 36046505, 32491639, 36046304, 36046220, 36042644, 36045051, 36045306, 36045333, 36044548, 36045823, 36045895, 36044597, 36046715, 36046536, 36046770, 33328722, 36044180, 36044552, 36042562, 36042912, 36046015, 36046113, 36046522, 36037220, 36046656, 36046691, 36046449, 36043177, 36046769, 36046420, 36029569, 36042713, 36046710, 36046472, 36044921, 36044581, 36046768, 32084191, 36044681, 36043830, 36046007, 36045964, 36043085, 36046767, 36045878, 36045256, 36041956, 36046758, 36045107, 36045217, 36045037, 36045792, 36046693, 36046751, 36046404, 36046292, 36046764, 36045646, 36043107, 36045963, 36046460, 36046408, 36046760, 36046154, 36045593, 36044818, 32515599, 36046674, 36044512, 36046628, 36046228, 36043068, 36046071, 36046607, 35751784, 36046373, 32969433, 36046567, 36046466, 36046574, 36046547, 36044151, 36041356, 36046530, 35806926, 36045425, 36046762, 36008936, 36045348, 36045888, 36045885, 36046664, 36046686, 36029138, 36046276, 36046397, 36046761, 36046653, 35663869, 35993181, 36043247, 36045941, 36046334, 36040627, 36046753, 36046588, 36046579, 36045086, 36045943, 36046398, 36046531, 36046469, 36046619, 36046663, 36046048, 36045530, 35977793, 36046191, 36036634, 36046650, 36046759, 36046235, 36045737, 36046099, 36046603, 36037526, 36046202, 36040051, 36046068, 36046215, 36027770, 36046516, 36046694, 36043521, 36046189, 36044723, 36046348, 36046577, 36046549, 36044886, 36046047, 36044799, 36045922, 36046744, 36046312, 36046362, 36046575, 36046752, 36046534, 36045063, 36044241, 36045698, 36046263, 36045842, 30487080, 35998289, 36045222, 36046101, 36044884, 36046757, 36045658, 36046508, 36043911, 36045208, 36046652, 36046623, 36040329, 36046538, 36046582, 36046459, 36031251, 36046383, 36046559, 36042206, 36044906, 36046583, 36046648, 36043044, 36044284, 36043641, 36046625, 36046219, 36045461, 36043905, 36046610, 36019192, 36046000, 36046745, 36041839, 36046532, 36046622]
['ratchada', '16:00', '16:10', 36030390, 35515686, 36044559, 36045832, 34456244, 36042837, 36046223, 36046766, 36043950, 35554966, 36044180, 36046656, 32084191, 36046674, 35751784, 36046547, 36046579, 30487080, 36042206, 36044284]
['rajdumnern', '16:00', '16:10', 36045911, 36046684, 36045746, 36046768, 36046408, 36046628, 36046650, 36045698, 36045461, 36046000]
['isolate', '16:00', '16:10', 36043177, 36046334, 36019192]
['social', '16:00', '16:10', 36026217, 32704938, 36042837, 36046223, 36046666, 36045758, 36043950, 36046177, 36046536, 36044552, 36029569, 36041956, 36045963, 36046628, 36045885, 35993181, 36046663, 36036634, 36046603, 36040051, 36040329, 36046582]
['religious', '16:00', '16:10', 36045789, 36046769, 36045593, 36045885]
['supachalasai', '16:00', '16:10', 36046633, 34456244, 36046669, 36046220, 36046536, 36046420, 36045878, 36045107, 36046404, 36045646, 36046466, 36046653, 36045943, 36045530, 36045842, 36043911, 36046538, 36043044]
['siam', '16:00', '16:10', 36041608, 36044707, 36046773, 36026256, 36030033, 36046765, 36046758, 36046751, 36043107, 36008936, 36040627, 36044723, 36046348, 36046582, 36046383, 36046532]
['lumpini', '16:00', '16:10', 30318228, 36045758, 31942537, 32491639, 33328722, 36046449, 36046472, 36044581, 36046767, 36045878, 36040627, 36046538]
['sinthorn', '16:00', '16:10', 36046677, 36043903, 36046772, 36045517, 36045758, 36045700, 36046073, 36045823, 36037220, 36046691, 36029569, 36045964, 36045037, 36046693, 36041356, 36045348, 36043247, 36046579, 36046752, 36046263, 30487080, 36046652, 36046623, 36046459, 36046745]
['silom', '16:00', '16:10', 36046765, 36044548, 36042912, 36037220, 36029569, 36046472, 36043085, 36041356, 36045425]
['wahkor', '16:00', '16:10', 36045335, 30318228, 36043950, 36046471, 36046449, 36046710, 36043830, 36046048, 36044241, 36045698]
['library', '16:00', '16:10', 36046765, 36044921, 36040627, 36027770]
['art', '16:00', '16:10', 36046531]
