['food', '15:20', '15:30', 36044788, 36043015, 36046463, 36034094, 35098003, 36046556, 36024280, 36046658, 36045896, 36046337]
['greenzone', '15:20', '15:30', 36037761]
['camera', '15:20', '15:30', 36032281, 36045299, 36046549, 36043455, 36046448]
['cartoon', '15:20', '15:30', 36046047, 36046357, 36045086, 31512724, 36046588, 36045006]
['gallery', '15:20', '15:30', 36045182, 36046594, 36046556]
['klaibann', '15:20', '15:30', 36046386, 36046315, 36040051, 36044325, 36043789]
['jatujak', '15:20', '15:30', 36039896, 36045333, 36046626, 36037761]
['chalermkrung', '15:20', '15:30', 36046643, 36046338, 36046410, 36025958, 36045277, 36045109, 36046071, 36028934]
['chalermthai', '15:20', '15:30', 36046625, 34042651, 36046672, 35980315, 36025958, 36046661, 31512724, 36044192, 36041666, 36044756]
['family', '15:20', '15:30', 36044080, 36044788, 36046582, 35897612, 36040051, 36044567, 36046245, 36046189, 36045018, 36041432, 36044191, 36030663, 36044662, 36041608, 36046655, 36044192, 36046632]
['home', '15:20', '15:30', 36046201, 36042698, 36046066, 36038419, 36046626, 36038537, 36041326, 36046668, 33774754, 31111354]
['siliconvalley', '15:20', '15:30', 36046399, 36046570, 36044417, 36039594, 36046433, 36043863, 36045848, 36046665, 36046236, 36046620, 36046323, 36046244, 36046441, 36046604]
['beauty', '15:20', '15:30', 36043015, 36042363, 36046670, 36044403, 36046189, 36037396, 36026520, 33434619, 36045437, 36045222, 36044151, 36046655, 36045157]
['writer', '15:20', '15:30']
['blueplanet', '15:20', '15:30', 36039189, 36046386, 36044136, 36045182, 36046674, 36046315, 35997545, 36040889, 36042518, 36042948, 36026520, 35980315, 36033184, 36046667, 36046660, 36046360, 36046659, 36040329, 36046656, 36045896, 36046218, 36046337, 36045700]
['tvshow', '15:20', '15:30', 36046625, 36039189, 36046555, 36046672, 36046238, 36043609, 36046575, 36046627, 35618274, 36045044, 36046647, 36046619, 36046664, 36043909, 36046583, 36044813, 36025958, 36044768, 35965407, 36046016, 36043968, 36046648, 36038811, 36046552, 36044032, 36046411, 36044041]
['bangrak', '15:20', '15:30', 36046673, 36046666, 36044567, 36046245, 36045216, 36045918, 36041432, 36044765, 36046474, 36043968, 36046657, 36041608, 36041541, 36045862, 36043107]
['horoscope', '15:20', '15:30', 36046199, 36046413, 36042739, 33499894, 36029163]
['pantip', '15:20', '15:30', 36046647, 36045038]
['region', '15:20', '15:30', 36046594, 36045624, 31716380, 35997545, 36040889, 36046667, 36046360, 36043653, 36046658, 36046337]
['mbk', '15:20', '15:30', 36046320, 36046618, 36043338, 36046291, 36046065, 36044626, 36046514, 36031953, 36046421, 36011097, 36046332, 36046530, 36046416, 36046620, 36046274, 36045187]
['all', '15:20', '15:30', 36044080, 36046625, 36034226, 36046320, 36046676, 36039189, 36045746, 36042477, 36044788, 36045371, 36046386, 34042651, 36046582, 36043015, 36044136, 36045340, 36046555, 36045182, 36046399, 36046258, 32531465, 36046570, 36046675, 36046594, 36041307, 36046674, 35897612, 36046618, 36046463, 36046315, 36046673, 36046672, 36046199, 36034094, 36042363, 36046663, 36046671, 36039896, 36043535, 36045911, 36046201, 35098003, 36032281, 36045496, 36045624, 31716380, 36042698, 36040051, 36046670, 36045087, 35997545, 36045698, 36044403, 36046413, 36046556, 36046592, 36043338, 36046291, 36046066, 36044417, 36046666, 36046065, 36046408, 36037191, 36045333, 36040889, 36038419, 36044567, 36042948, 36042518, 36044325, 36045603, 36044649, 36039594, 36046456, 36046644, 36046238, 36046245, 36043609, 36046575, 36042739, 36045216, 36046626, 36043789, 36046643, 36043154, 36046633, 36038537, 36045314, 36046163, 36045918, 32329753, 36046047, 36046433, 36037761, 36046157, 36044283, 36046189, 36043863, 36046466, 36044626, 36046214, 36037396, 36045018, 36046472, 36046627, 36046338, 36046384, 35898822, 36039936, 35055250, 36042574, 35618274, 36046645, 36041326, 36026520, 36042954, 33499894, 36044065, 35779454, 36024280, 36046668, 36046514, 36046265, 35980315, 36046662, 36033184, 36044548, 36045717, 36046667, 36045360, 36046660, 36045044, 36045848, 33774754, 36031953, 36046421, 36041432, 36046410, 36046665, 36046360, 36046055, 36044191, 36046647, 36045672, 36046619, 36046429, 36046664, 36041182, 36044105, 36043909, 36046583, 33434619, 36045531, 36046540, 36036106, 36045437, 36011097, 36045473, 36045222, 36044765, 36046359, 36043653, 36046332, 36044813, 36046474, 36046530, 36025958, 31287733, 36046357, 36046653, 36044768, 36030663, 36046211, 36045621, 35965407, 35625194, 36044662, 36046661, 36046623, 36045086, 36046109, 36033107, 36046016, 36043968, 36046652, 31512724, 30621513, 36046449, 36046659, 32939836, 36040329, 36042240, 36045758, 36046658, 36046588, 36042041, 36045299, 36046657, 36046648, 36046549, 36044750, 36044151, 36046656, 36043455, 36038811, 36046552, 36041608, 36046448, 36046483, 36041286, 36046236, 36045538, 36045038, 36045277, 36046416, 36046253, 36044032, 36046584, 36046620, 36046274, 36046655, 36046654, 36045109, 36046628, 36045896, 36045646, 36046218, 36041541, 36046629, 35963307, 36046323, 36029163, 31111354, 36045546, 36046244, 36046337, 36045700, 36035626, 36046571, 36044685, 36045006, 36046564, 36046651, 36044192, 36041666, 36046071, 36045862, 36045842, 36029718, 36045157, 36046411, 36046599, 36028934, 36046649, 36046420, 36045789, 36045544, 36044041, 36044756, 36046441, 36045187, 36046604, 36043107, 34369302, 36046632, 36046435, 36036410]
['ratchada', '15:20', '15:30', 36045340, 36044136, 36046258, 36046674, 36045624, 35997545, 36040889, 36044649, 36045603, 36043154, 35898822, 36039936, 36046645, 36045717, 36046360, 36041182, 36044105, 36046540, 36036106, 36046359, 36033107, 36042240, 36046656, 35963307, 36046599, 36046649, 36046435]
['rajdumnern', '15:20', '15:30', 36045746, 36045911, 36045698, 36046408, 36046157, 36045360]
['isolate', '15:20', '15:30', 36046676, 36041307, 36046571]
['social', '15:20', '15:30', 36039189, 36046386, 36046582, 36046258, 32531465, 35897612, 36046663, 36040051, 36046556, 36046666, 36044325, 36046456, 36046157, 36044626, 35779454, 36045848, 36031953, 36045531, 35625194, 36044662, 32939836, 36040329, 36045758, 36046448, 36046628, 36036410]
['religious', '15:20', '15:30', 36042477, 36046555, 36045496, 36044283, 36045531, 36046211, 36029163, 36045789]
['supachalasai', '15:20', '15:30', 36045340, 36042363, 36040889, 36046633, 36046163, 36046466, 36046645, 36044105, 36046653, 36045621, 36046109, 36045646, 36046564, 36045842, 36046420, 36045544]
['siam', '15:20', '15:30', 36045371, 36046582, 35897612, 36046673, 31716380, 36045216, 36044065, 35779454, 33434619, 36045531, 36045473, 36043653, 36046474, 36046657, 36041608, 36046483, 36045862, 36045544, 36043107]
['lumpini', '15:20', '15:30', 36043015, 32531465, 36042363, 36044403, 36037396, 36046472, 35779454, 36046429, 36046449, 36045758, 36046654]
['sinthorn', '15:20', '15:30', 36046315, 36046671, 36046592, 36046066, 36046456, 36046384, 36046514, 36046265, 36045672, 36046623, 36046652, 32939836, 36045758, 36042041, 36044750, 36046448, 36046253, 36046584, 36046629, 36045546, 36045700, 36046651]
['silom', '15:20', '15:30', 36039189, 36043535, 36045087, 36046592, 36046626, 36046472, 36046384, 35055250, 36046265, 36044548, 36043653, 31287733, 30621513, 32939836, 36044750, 36045538, 36044685, 36029718, 36046632]
['wahkor', '15:20', '15:30', 36034226, 36043015, 36045698, 36037191, 36046214, 36042574, 36042954, 36046662, 36046449, 32939836, 36041286, 36046441]
['library', '15:20', '15:30', 36042477, 36046555, 36046675, 36046556, 36037191, 36042518, 36046644, 36043789, 36045314, 32329753, 36044065, 36046055, 31512724, 36046483, 36035626, 36029718, 34369302]
['art', '15:20', '15:30', 36046665]
