['food', '10:50', '11:00', 36045710, 36044680, 36044752, 36044819, 36042179, 36045757, 36043729, 36042467]
['greenzone', '10:50', '11:00', 36045426, 35814879, 36045751]
['camera', '10:50', '11:00', 36045566, 36045536, 36045771, 36042143]
['cartoon', '10:50', '11:00', 30660494, 36045883, 36045160, 35999331, 36045871, 36043925, 32975008, 36044471]
['gallery', '10:50', '11:00', 36033469, 36036714, 36045182]
['klaibann', '10:50', '11:00', 36045469, 36045882, 36031112, 32470893, 36043684]
['jatujak', '10:50', '11:00', 36045853, 36045869, 36045333, 34216066, 36045751, 36041572, 36045754]
['chalermkrung', '10:50', '11:00', 36045777, 36045543, 36045518, 36045730, 36044892, 36044217, 36042877, 35970937, 36036316]
['chalermthai', '10:50', '11:00', 30660494, 36045881, 36037526, 36038169, 36045872, 33275593, 36041666, 36044732, 36045551, 36044398, 36045861]
['family', '10:50', '11:00', 36045830, 36044191, 36043079, 36044662, 36045671, 36036898, 36020994, 31629950]
['home', '10:50', '11:00', 36045869, 35814879, 36043139, 36042698, 36041572, 36044572, 36040807, 30092011, 36043679, 36045737, 36042664, 36044185, 36044405]
['siliconvalley', '10:50', '11:00', 36042701, 36045875, 36037234, 36045794, 36045720, 36045705, 36044883, 36045512, 36045812, 36044593, 36045152, 36044405]
['beauty', '10:50', '11:00', 36045869, 36044151, 33636765, 36014409, 36045878, 36041871, 36040422, 35959424, 36045870, 36044155, 36044305, 35979247, 36045222, 36045831]
['writer', '10:50', '11:00', 36045604]
['blueplanet', '10:50', '11:00', 36045830, 36044904, 36045710, 36045614, 36033469, 35849075, 36045700, 36045882, 36043550, 36044031, 36042868, 36045506, 36044637, 36043112, 36038875, 36045587, 36036714, 36045768, 32885293, 36045425, 36044806, 36045182, 36045554, 36043458]
['tvshow', '10:50', '11:00', 36045842, 36045777, 36038898, 36044936, 36045321, 36045881, 36044877, 36045873, 36043722, 36045541, 36045872, 36045725, 36044768, 35989216, 36044217, 33275593, 36044758, 36044732, 36044514, 36043172, 36044073, 36045306, 36042124, 36045861, 35970937]
['bangrak', '10:50', '11:00', 36043537, 36043079, 35775622, 36045862, 36044662, 36045671, 36045491, 36045353, 32770047, 36045399, 36045756, 36045685, 36045797, 36045787, 36044444, 36045105, 36045867, 36041871, 36045459, 36045533, 36045851, 36043460, 36045559, 36042922, 36045865]
['horoscope', '10:50', '11:00', 36045632, 36024697, 36040397]
['pantip', '10:50', '11:00', 35979247, 30721102]
['region', '10:50', '11:00', 36045768, 32885293, 36044806, 35995920, 36045864]
['mbk', '10:50', '11:00', 36045847, 36032288, 36045310, 36045878, 36045298, 36045641, 36045720, 36044601, 36045705, 36045821, 36045606, 36044593, 36045680, 36045598]
['all', '10:50', '11:00', 36045853, 36045830, 36045869, 36045517, 36045333, 36045842, 36044191, 36044904, 36043044, 36043537, 36040502, 36044902, 36045145, 36045026, 36044151, 36045426, 36045847, 30660494, 36045777, 34216066, 36045710, 36038898, 36044936, 36044680, 36043748, 36045530, 33636765, 36045614, 36043079, 36044752, 36033469, 36032288, 36014409, 36045546, 30027660, 35775622, 36045646, 36040771, 35849075, 36042495, 36045862, 35814879, 36044662, 36045700, 36045671, 36045883, 36043631, 36045469, 36040236, 36045491, 36045520, 36043699, 36045353, 32770047, 36045882, 36044958, 36045349, 36045321, 36045881, 36044877, 36045399, 36045040, 36045756, 36042701, 36045269, 36037526, 36045880, 36043550, 36045432, 36044031, 36045543, 30003471, 36045632, 36045685, 35912438, 36038974, 31960112, 36045797, 36045787, 36045820, 36045846, 36045310, 36045796, 36045873, 36045518, 36042868, 36045879, 36044444, 36031112, 36043722, 36044819, 36044078, 36045730, 36045621, 36045541, 36045506, 36045408, 36045878, 36045877, 36045105, 36045633, 36043139, 36041743, 36045876, 36045875, 36042698, 36045751, 36038169, 36045759, 36045758, 36044892, 32470893, 36045298, 36045285, 36045160, 36045566, 36037234, 36045867, 36044637, 36045189, 36045623, 36043684, 36045794, 36045531, 35999331, 36045641, 36045395, 36045872, 36045725, 36041871, 36043177, 36045510, 36043112, 36040422, 36043903, 36038875, 36045459, 36045720, 36041648, 35959424, 36045545, 36044601, 36045825, 36045705, 36036898, 36044768, 36044285, 36045612, 36044883, 36045587, 36036714, 36041572, 36042179, 36045821, 36045768, 36045533, 36045871, 36044155, 36045870, 36045851, 35989216, 36044217, 34267184, 32885293, 36015768, 36045536, 36044496, 36043925, 33275593, 36042310, 36044572, 36045219, 36044259, 36045829, 36045600, 36045512, 36044758, 36044944, 36045425, 36044806, 35898343, 36045698, 36045606, 35951911, 36045772, 36045584, 36045604, 36042517, 36024697, 36044305, 36040807, 36041666, 36043460, 36045802, 36040397, 36045559, 35979247, 36045182, 36035073, 36044732, 36044514, 36045868, 36045402, 36043172, 36020994, 30092011, 36044344, 36045551, 36045222, 31629950, 35995920, 36044073, 36043654, 36043962, 36044398, 36045784, 36045306, 36042877, 36045639, 35874294, 36045754, 36045757, 36045734, 30686791, 36045650, 32975008, 36045445, 36045709, 36045812, 36045591, 36042922, 36045386, 36043679, 36038423, 36042124, 36045771, 36045831, 36045737, 36044593, 36040645, 36045866, 36044735, 36045152, 36045861, 36045389, 36045680, 36045865, 36044471, 36045554, 36043729, 36042664, 30721102, 36044185, 36045858, 36045221, 36044405, 36042467, 36045864, 36045598, 36043458, 36045863, 36045785, 36042143, 36045348, 35970937, 36036316]
['ratchada', '10:50', '11:00', 36045026, 36044936, 30003471, 31960112, 36044078, 36041743, 36045285, 36041648, 36044259, 30686791, 36045221]
['rajdumnern', '10:50', '11:00', 36043631, 36045698, 36040645]
['isolate', '10:50', '11:00', 36043177, 36015768, 36042310, 35898343, 35874294, 36045866, 36045389]
['social', '10:50', '11:00', 36044904, 36043748, 36044662, 36045671, 36044958, 36045349, 36042701, 36045518, 36045506, 36045408, 36045758, 36045531, 36045459, 36045720, 36045825, 36045705, 36036898, 36045533, 36045851, 34267184, 36045829, 31629950, 35995920, 36042922, 36038423, 36044735]
['religious', '10:50', '11:00', 36040771, 36040236, 36045531, 36045510, 36045584, 36043962, 36038423]
['supachalasai', '10:50', '11:00', 36045842, 36043044, 36045530, 36045646, 36042495, 36043699, 35912438, 36045846, 36045621, 36045878, 36045633, 36045759, 36045623, 36044155, 36035073, 36044344, 36045650, 36045831]
['siam', '10:50', '11:00', 36044151, 36045862, 36045469, 36045491, 36045353, 32770047, 36045756, 36045787, 36045796, 36044444, 36045105, 36045751, 32470893, 36045531, 36040422, 36045459, 36045825, 36036898, 36045851, 35951911, 36040397, 36045559, 31629950, 35995920, 36045445, 36045591, 36044735, 36045865]
['lumpini', '10:50', '11:00', 36044902, 36045145, 36043748, 36045671, 36045040, 36045269, 36038974, 36045820, 36045878, 36045758, 36045189, 36045872, 36045825, 36036898, 36045612, 36045533, 36044155, 33275593, 36045219, 36045445, 36045831, 36042467]
['sinthorn', '10:50', '11:00', 36045517, 36045546, 36045700, 36040236, 36045520, 36044958, 36045432, 36045879, 36043139, 36045876, 36045758, 36043903, 36042179, 36045821, 36044496, 36045600, 36044944, 36042517, 36045802, 36045868, 36043654, 36045639, 36045734, 36045386, 36042664, 36045858, 36045863, 36045785, 36045348]
['silom', '10:50', '11:00', 36040502, 36044151, 36040236, 36044958, 36045880, 36045518, 36045506, 36045877, 36042179, 36045871, 34267184, 36045512, 36045425, 36042517]
['wahkor', '10:50', '11:00', 36045426, 34216066, 35814879, 36045395, 36045545, 36044285, 36044944, 36045698, 36045772, 36045402]
['library', '10:50', '11:00', 30660494, 30027660, 36045469, 36045796, 36031112, 36043684, 35999331, 36044285, 36043925, 36045402, 36045784, 36045709]
['art', '10:50', '11:00']
