['food', '19:10', '19:20', 36045714, 36046607, 36046029, 36047094, 36046556, 36047356]
['greenzone', '19:10', '19:20']
['camera', '19:10', '19:20', 36047336]
['cartoon', '19:10', '19:20', 36045208, 36047311]
['gallery', '19:10', '19:20', 36046126, 36046679, 36045182, 36046556, 36033971, 36047052, 36043284, 36043936]
['klaibann', '19:10', '19:20', 36047396, 36046228, 36044325, 36047252]
['jatujak', '19:10', '19:20', 36041133, 36046977, 36045930, 36046968]
['chalermkrung', '19:10', '19:20', 36045143, 36047387, 36044973, 36047120, 36046962, 36047167, 36047369, 36047337, 36031601, 36047242, 36047178]
['chalermthai', '19:10', '19:20', 36038477, 36046638, 36045208, 36044331, 36047311, 36046672, 36041666]
['family', '19:10', '19:20', 36041608, 36014752, 36046902, 36041432, 36046607, 36043680, 36046760, 36044080, 36046857, 36045782, 36046582, 36044038, 36047356, 32766433]
['home', '19:10', '19:20', 36044865, 36046977, 36026707, 36045497, 36047192, 36045930, 36046239, 36045888, 36045990]
['siliconvalley', '19:10', '19:20', 36047352, 36046996, 36047391, 36047381, 36036634, 36047264, 36047382, 36045749, 36044791, 36047368, 36047315, 36046003, 36045152, 36047325]
['beauty', '19:10', '19:20', 36042817, 36047298, 36045222, 31833629, 30404239, 30946696, 31276586, 36047372, 36047370, 35989010, 36044305, 36041866, 36047350]
['writer', '19:10', '19:20', 36044267, 36046084]
['blueplanet', '19:10', '19:20', 36046126, 36047191, 36046386, 36047365, 36046679, 36047385, 36045506, 36045182, 36046545, 36046674, 36033971, 36047052, 36043284, 36047300, 36043936]
['tvshow', '19:10', '19:20', 36042817, 36047229, 36047213, 36038477, 36047138, 35759012, 36047120, 36046948, 36047383, 36047294, 36046724, 36047377, 36046832, 35887452, 36047195, 36046995, 36046672, 36047369, 36047192, 36047316, 36047066, 36033580, 36042028, 36046063, 36045922]
['bangrak', '19:10', '19:20', 36047353, 36047239, 36047271, 36047393, 36041608, 36045459, 36041432, 36046773, 36041420, 36047317, 36046721, 36042042, 36034552, 36047376, 36046760, 35994049, 36026256, 36046968, 36031601, 36044038, 36047358, 36047129, 32766433]
['horoscope', '19:10', '19:20', 36047394, 36044881, 36043680, 36046891, 36046413, 36036872, 36047196, 36044803]
['pantip', '19:10', '19:20', 36047229, 36046995]
['region', '19:10', '19:20', 36044851, 36044803]
['mbk', '19:10', '19:20', 35898838, 35982267, 36018804, 36046528, 36046864, 36045799, 36047388, 36045680, 36047307, 36047379, 36047374, 36047373, 36047249, 36047371, 36046887, 36047179, 36047360, 36047068, 36046003]
['all', '19:10', '19:20', 36040502, 36047397, 36047353, 36046111, 36047396, 36042667, 36042817, 35898838, 36010806, 36047229, 36047213, 36046595, 36047386, 36038477, 35515704, 36045143, 36047298, 36047387, 36047395, 36047239, 36046126, 36047352, 36047271, 35982267, 36047138, 36047394, 36047393, 36047181, 35759012, 36044973, 36046996, 36047074, 36044881, 36047191, 36047087, 36047378, 36044745, 36047120, 36046214, 36047291, 36044865, 36045348, 36046962, 36041608, 36046948, 36018804, 36047392, 36045657, 36041356, 36046528, 35134752, 36046864, 36040998, 36047289, 36046972, 36047391, 36047132, 36014752, 36047223, 36047390, 36047202, 36045714, 36047389, 36045222, 36046902, 36045799, 36046638, 36043799, 36044267, 36041133, 36047388, 36045680, 36045459, 36047383, 36045603, 36041432, 36046773, 36046386, 36047381, 36046607, 36046029, 36046977, 36047322, 36043680, 35988314, 36036634, 36046679, 31833629, 36045208, 35930478, 36045371, 36047285, 36047318, 36047167, 36047385, 36026707, 30404239, 36046253, 36047384, 36047307, 36047172, 36041420, 36046839, 36042625, 36047264, 36047336, 36045506, 36047317, 36045182, 30946696, 36046721, 32767192, 36046466, 36046228, 36045911, 36046891, 36046109, 36047382, 36044325, 36047380, 36047379, 36044331, 36046710, 36045749, 36046846, 36044078, 36047294, 36045510, 36047355, 36046545, 36038908, 36045291, 36046724, 31276586, 36042042, 36047024, 36047377, 36045646, 36034552, 36046832, 35887452, 36047376, 36047195, 36047375, 36047374, 36046674, 36047372, 36046760, 36046995, 36047311, 36046672, 36047373, 36046413, 36047198, 36047094, 35773074, 36046084, 36044791, 36047332, 36045497, 36047249, 36006284, 36046556, 36047371, 36044353, 36047244, 36047370, 35989010, 36047369, 36044305, 36044080, 36047192, 36047316, 36047368, 36045588, 36045930, 36047104, 36046239, 36047367, 36033971, 36045759, 36036872, 36047315, 36046887, 35591910, 36047066, 36041866, 36047366, 36047054, 36047052, 36041666, 36047114, 36047179, 36040627, 36033580, 36046857, 36043284, 36047196, 35994049, 36047362, 36047363, 36045782, 36047361, 36026256, 36047337, 36044851, 36046968, 36045148, 36047360, 36010132, 36042675, 36031601, 36047350, 36047242, 36046582, 36047068, 36044038, 36047178, 36047358, 36047129, 36044803, 36047300, 36046003, 36042028, 36047357, 36047314, 36046063, 36044165, 36045888, 36045922, 36047356, 36047252, 36043804, 36043936, 36045990, 36044121, 36046727, 32766433, 36045152, 36046933, 36047303, 36047325, 36047354]
['ratchada', '19:10', '19:20', 36046111, 36047191, 36047087, 35134752, 36040998, 36047132, 36043799, 36045603, 36042625, 36044078, 35773074, 36045588, 36044038, 36046933]
['rajdumnern', '19:10', '19:20', 36047074, 36047291, 36047289, 36047223, 36045911, 36047357]
['isolate', '19:10', '19:20', 36047390, 36047389, 35988314, 35930478, 36047375, 36010132]
['social', '19:10', '19:20', 36046595, 36047393, 36047181, 36047087, 36047392, 36014752, 36046902, 36046386, 36046029, 36046977, 36036634, 36045506, 36044325, 36047376, 36046556, 35989010, 36047370, 36045588, 36047104, 36046239, 36047066, 36047366, 36041866, 36047054, 36047114, 36046582, 36047357, 36043804]
['religious', '19:10', '19:20', 36045510, 36047355]
['supachalasai', '19:10', '19:20', 36047213, 36047378, 35134752, 36047318, 36047172, 36046466, 36046109, 36044331, 36038908, 36045646, 36047367, 36045759, 36047054, 36044165, 36046727, 36047354]
['siam', '19:10', '19:20', 36047397, 36047353, 36042667, 36010806, 36047395, 36047239, 36047271, 36047393, 36047181, 36047120, 36041608, 36047392, 36046972, 36045371, 30404239, 36041420, 36047317, 32767192, 36046721, 36045291, 36042042, 36047024, 36034552, 36047376, 36047198, 35989010, 36047104, 36036872, 36047366, 36040627, 35994049, 36047363, 36047361, 36026256, 36044851, 36045148, 36047358, 36047129, 32766433]
['lumpini', '19:10', '19:20', 36047298, 36045657, 36047202, 36046902, 30404239, 36047384, 30946696, 36047380, 36047370, 36047066, 36041866, 36040627, 36046857, 36045782, 36047252, 36044121]
['sinthorn', '19:10', '19:20', 35515704, 36047074, 36045348, 36041356, 36047322, 36047285, 36046253, 36046839, 36046846, 36047094, 35773074, 36047332, 36006284, 36044353, 36045588, 36046887, 36047114, 36047363, 36047314, 36047303]
['silom', '19:10', '19:20', 36040502, 36047386, 36044745, 36041356, 36046029, 36045506, 36047094, 35773074, 35591910, 36047362, 36047363, 36047314]
['wahkor', '19:10', '19:20', 36047352, 36044745, 36046214, 36047202, 36046710, 36047244, 36042675, 36047252]
['library', '19:10', '19:20', 36042667, 36047395, 36044267, 32767192, 36046995, 36046084, 36046556, 36040627, 36046063]
['art', '19:10', '19:20']
