['food', '08:20', '08:30', 36046829, 36047505, 36048841, 36047026, 36047356, 31212899, 36048432, 36039449]
['greenzone', '08:20', '08:30', 36048683, 36048829]
['camera', '08:20', '08:30', 36047974, 36048311, 36048507, 36048535]
['cartoon', '08:20', '08:30', 36046588, 36048818]
['gallery', '08:20', '08:30', 36048311, 36048535]
['klaibann', '08:20', '08:30', 36047252, 36046829, 36048001, 36048721, 36048353]
['jatujak', '08:20', '08:30', 36047641, 36048681]
['chalermkrung', '08:20', '08:30', 36048485, 36047440, 36047991, 36048675, 36047978, 36041687, 36047167, 36040612, 36046071, 36046240, 36048828, 36048177]
['chalermthai', '08:20', '08:30', 36048229, 36048756, 36048828]
['family', '08:20', '08:30', 36048739, 36041317, 36047356, 36044038, 36047899, 36048556, 36048733]
['home', '08:20', '08:30', 36048769, 36046032, 36028879, 36048763, 36048719]
['siliconvalley', '08:20', '08:30', 36048269, 36048833, 36048233, 36048771, 36043068, 36045848, 36048789, 36048321, 35963684, 36048417, 36048725, 36045775]
['beauty', '08:20', '08:30', 36048796, 36048831, 36048687, 36048830, 36048162, 36048251, 36048475]
['writer', '08:20', '08:30']
['blueplanet', '08:20', '08:30', 36048229, 36043458, 36047460, 36047026, 36048801, 36048353, 36048838, 36047176, 36048053]
['tvshow', '08:20', '08:30', 36048229, 36047154, 36044813, 36047680, 36046590, 36048074, 36048485, 36047611, 36048147, 36048500, 36048736, 36047978, 36041687, 36048255, 36047435, 36040612, 36048281, 36047690, 36044870, 36048822]
['bangrak', '08:20', '08:30', 36045459, 36038570, 36045376, 36043107, 36037886, 36048523, 36047703, 36048831, 36048832, 36044038]
['horoscope', '08:20', '08:30', 36048670]
['pantip', '08:20', '08:30']
['region', '08:20', '08:30', 36047460, 36048507, 36048711]
['mbk', '08:20', '08:30', 36048483, 36048512, 36043068, 36048755, 36048471, 36042724, 36048441, 36048799, 36043299, 36047822, 36048686, 35901372, 36048818, 36046887, 36048725]
['all', '08:20', '08:30', 36047641, 36048259, 36048269, 36048229, 36048694, 36047154, 36048670, 36048681, 36045035, 36044813, 36047252, 36048483, 36048833, 36048233, 36048781, 36045459, 36042165, 36047240, 36041750, 36048512, 36038570, 36048707, 36048771, 36048842, 30694588, 36048183, 36048271, 36043068, 36048653, 36048800, 36048796, 36048755, 36048471, 36045376, 36048769, 36047680, 36046829, 36042724, 36047505, 36043458, 36048441, 36048734, 36046032, 32151514, 36048001, 36043107, 36048799, 36048646, 36047901, 36048804, 36048721, 36048741, 36047460, 36046590, 36048739, 36047974, 36048074, 36048485, 36045848, 36048841, 36047026, 36043299, 36047611, 36048801, 36046283, 36048840, 36048147, 36048661, 36048839, 36048035, 36041317, 36048722, 36048388, 36047764, 36048789, 36047180, 36048389, 36048353, 36047356, 36048838, 36048054, 36047822, 36037886, 36047440, 36048686, 31212899, 35901372, 36048736, 36022241, 36048500, 36047991, 36028879, 36046083, 36048764, 36047441, 36048321, 36048684, 36048837, 36048523, 36048675, 30968871, 36048311, 36047703, 35963684, 36047978, 36048817, 36048836, 36048284, 36047627, 36048816, 36048820, 36047635, 36048835, 36045743, 36041687, 36048787, 36048417, 36047167, 36048831, 36048774, 36048699, 36047176, 36048017, 36044048, 36048683, 36048551, 36046588, 36048834, 36048832, 36044038, 36048255, 36048818, 36048821, 36047899, 36048687, 36047435, 36048556, 36046887, 36048053, 36048507, 36048824, 36048711, 36048830, 36048276, 36048162, 36048763, 36040612, 36048756, 36044548, 36048708, 36046071, 36048281, 36048432, 36048723, 36048251, 36047690, 36048725, 35942654, 36048733, 36046240, 36048823, 36048829, 36048535, 36044870, 36039449, 36043373, 36048791, 36048249, 36048475, 36048828, 36048177, 36048719, 36045508, 36048822, 36045775, 36048366]
['ratchada', '08:20', '08:30', 36042724, 36047505, 36048801, 36048839, 36048722, 36047180, 36048684, 36047627, 36047635, 36048835, 36048017, 36044038, 36048556, 36048823, 36048791, 36045508]
['rajdumnern', '08:20', '08:30', 36048661, 36047441, 36048774, 36048834]
['isolate', '08:20', '08:30', 36047764, 36022241]
['social', '08:20', '08:30', 36048259, 36045035, 36047240, 36038570, 36048183, 36048796, 36048001, 36048739, 36045848, 36043299, 36046283, 36048686, 36048523, 36047635, 36048683, 36047899, 36048830, 36048276]
['religious', '08:20', '08:30', 36046083, 36044048, 36047899]
['supachalasai', '08:20', '08:30', 36048781, 36048653, 36048800, 36048646, 36048804, 36048741, 36048839, 36048054, 36048836, 36048820, 36048821, 36048556, 36048824, 36048708, 36048249, 36045508]
['siam', '08:20', '08:30', 36048259, 36048229, 36045035, 36042165, 36041750, 36048183, 36048796, 36045376, 36048734, 36043107, 36037886, 36048837, 36048832, 36048711, 36048276, 36048251, 35942654]
['lumpini', '08:20', '08:30', 36047252, 36047240, 36038570, 30694588, 36048183, 36046829, 32151514, 36048841, 36041317, 30968871, 36047703, 36048284, 36048831, 36048687, 36043373]
['sinthorn', '08:20', '08:30', 36048694, 36048707, 36048842, 36048271, 36047901, 36048840, 36048388, 36048764, 36048523, 36048817, 36048816, 36048787, 36048699, 36048551, 36046887, 36048276, 36048723, 36048791, 36048719]
['silom', '08:20', '08:30', 36047240, 36047901, 36048721, 36048035, 36048389, 31212899, 36048523, 36048683, 36048830, 36044548, 36048719]
['wahkor', '08:20', '08:30', 36048269, 36047252, 36048841, 36048818, 36048366]
['library', '08:20', '08:30', 36048259, 36042165, 36045743, 35942654]
['art', '08:20', '08:30', 36048818]
