['food', '13:30', '13:40', 36042474, 36045610, 36044196, 36042867, 36044752, 36042179, 36045710, 36044588, 36034094, 36042790, 36046337]
['greenzone', '13:30', '13:40', 36046287, 36015545]
['camera', '13:30', '13:40', 36044929, 36046156, 36046227, 36046096]
['cartoon', '13:30', '13:40', 36044030, 36042102, 36046047]
['gallery', '13:30', '13:40', 36046215, 36046126, 36044929, 36030270]
['klaibann', '13:30', '13:40', 36046108, 36046315, 36046266, 36046215, 35803209, 36044588, 36045940, 33377717]
['jatujak', '13:30', '13:40', 36045333, 36045853]
['chalermkrung', '13:30', '13:40', 36045109, 36046351, 36044892, 36046312, 36041671, 36044061, 36042008, 35970937, 36046071, 36046338, 36044443, 36046015]
['chalermthai', '13:30', '13:40', 36037526, 36041666]
['family', '13:30', '13:40', 36045018, 36046177, 36041432, 36046303, 36045830, 36044080, 36044038, 36045597, 36046342, 36046189, 36045024]
['home', '13:30', '13:40', 36030270, 36045897, 36045597, 36039671, 36045232, 36044154, 36043828, 36046201, 33538266]
['siliconvalley', '13:30', '13:40', 36046293, 36044030, 36045775, 36046286, 36046154, 36046305, 36042102, 36046323, 36046344, 36045512, 36046287, 36046304, 36035509]
['beauty', '13:30', '13:40', 36044124, 36042817, 36044151, 36042487, 36046189, 31484432, 36046333, 36046187, 36045878, 36041500, 36043353, 36043309]
['writer', '13:30', '13:40', 36046226, 36021340, 36046316]
['blueplanet', '13:30', '13:40', 36046108, 36046315, 36046266, 36046215, 36046303, 36045479, 36046126, 36044929, 36045801, 36045700, 36045830, 36044196, 36046341, 35980614, 35803209, 36045710, 36043550, 36029745, 36046337, 36021642, 33377717]
['tvshow', '13:30', '13:40', 36019628, 36044923, 36040289, 36042817, 36045619, 36041671, 36044061, 36046299, 36045954, 36044758, 35970937, 36045892, 36045675, 36045217, 36045725, 36044936, 36046238, 36046016, 36042487, 36044169, 36046140, 36038811]
['bangrak', '13:30', '13:40', 36043107, 36046177, 36041432, 36044061, 36046348, 35695786, 36046346, 36037998, 36046314, 36044038, 36046329, 36044582, 36046277, 36046309, 36006723, 36043088, 36045940, 36046339, 36038026, 36015510, 36046027, 36045997, 36046139, 36045971]
['horoscope', '13:30', '13:40', 36046340, 33704291, 36046347, 36045630, 36046341, 34180997, 36045929, 36038670, 36043521, 36046321, 36045997, 33538266]
['pantip', '13:30', '13:40', 32781610]
['region', '13:30', '13:40', 36045494, 36045479, 36044196, 36046337, 36046336]
['mbk', '13:30', '13:40', 36043384, 36045890, 36046077, 36046350, 36046203, 36046332, 36046349, 36043070, 36042102, 36044558, 36046172, 36046153, 36044987, 36035509, 36044938, 36046291, 36045878, 36046200, 36045084, 36046031, 36042724]
['all', '13:30', '13:40', 36045858, 36046164, 36043107, 36046352, 36046293, 36044124, 36045494, 36038908, 36019628, 36043384, 36046108, 36040298, 36045570, 36046290, 36045759, 36044923, 36044049, 36046143, 36045646, 36045109, 36045650, 36045018, 36046263, 36046351, 36045890, 36045775, 36046077, 36045795, 36046350, 36046226, 36046177, 36046315, 36046286, 36043966, 36037526, 36046266, 36040289, 36045746, 36045842, 36046258, 36044408, 36044892, 36046203, 36046332, 36042817, 36046073, 36045619, 36046312, 36046215, 36041671, 36046154, 36045856, 36045621, 33704291, 36045879, 36046303, 36046349, 36044061, 36046305, 36045479, 36046311, 36033367, 36046348, 36046040, 36046299, 36042474, 36045954, 36027000, 36046126, 36043070, 36042102, 36044929, 35695786, 36046347, 36046214, 36045801, 36046253, 36043156, 36046346, 36042008, 36045700, 36046345, 36043494, 36046229, 36045087, 36046323, 36030270, 36045830, 36044941, 36045445, 36044080, 36037998, 36044558, 36046314, 36046156, 36046302, 36046344, 36044038, 36046062, 36046172, 36045610, 36044758, 36039113, 35970937, 36046144, 36046135, 36045892, 36045911, 36045675, 36046071, 36045597, 36045897, 36046343, 36039671, 36045758, 36044196, 36045217, 36046227, 36046342, 36045512, 36046287, 36045630, 36045148, 36046329, 36046341, 36044582, 36044652, 36046304, 36046096, 36042867, 36046277, 36044811, 36044752, 36045725, 36046048, 36042179, 36045058, 35803209, 36045066, 36044936, 36045465, 36046153, 36044987, 36046083, 32781610, 36045710, 36046309, 36045885, 36006723, 36046238, 36045943, 36035509, 36044151, 36045988, 36043550, 36044588, 36045232, 36039007, 34180997, 36045516, 36046016, 36046163, 36043373, 36046338, 36042487, 36044793, 36043088, 36045920, 36045940, 36046339, 36046082, 36044154, 36044477, 36045929, 36046189, 36044077, 36021340, 36038026, 31484432, 36045381, 36034094, 36043799, 36046316, 36046114, 36044443, 36004554, 36015510, 36015545, 36044938, 36046015, 35996003, 36046216, 36029745, 36045531, 36038670, 36045853, 36046027, 36046333, 36040446, 36046220, 36043521, 36042790, 36044169, 36043828, 36046201, 36046291, 36046337, 36046187, 36021642, 36045878, 36045371, 36041500, 36046321, 36045997, 36042492, 36045024, 33538266, 36046200, 36046140, 36041666, 36043266, 36046336, 36046047, 36046335, 36046190, 36029267, 36046139, 36045030, 36046334, 36045084, 36046161, 36038811, 36045600, 33377717, 36043353, 36046031, 36045971, 36045348, 36042724, 36043309]
['ratchada', '13:30', '13:40', 36045494, 36046108, 36045570, 36040298, 36043966, 36046258, 36044408, 36033367, 36027000, 36046229, 36046302, 36044038, 36039113, 35803209, 36044936, 36045988, 36045516, 36045920, 36044477, 36043799, 36040446, 36045030, 36042724]
['rajdumnern', '13:30', '13:40', 36046164, 36044049, 36045746, 36045911, 36039007]
['isolate', '13:30', '13:40', 36046352, 36046345, 36045058, 36046335, 36046334]
['social', '13:30', '13:40', 36044049, 36046177, 36046258, 35695786, 36044080, 36046314, 36046062, 36045897, 36045758, 36044196, 36045148, 36045066, 36045885, 36046339, 36045531, 36046201, 36045024, 36029267]
['religious', '13:30', '13:40', 36046040, 36043156, 36046062, 36046083, 36045885, 36045929, 36044077, 36045531, 36043828]
['supachalasai', '13:30', '13:40', 36038908, 36045759, 36045646, 36045650, 36045842, 36045621, 36043494, 36044941, 36039113, 36046144, 36045465, 36045943, 36045988, 36045516, 36046163, 36046114, 36046220, 36045878, 36043266, 36046161, 36043309]
['siam', '13:30', '13:40', 36044061, 36046311, 36046348, 35695786, 36046346, 36037998, 36045148, 36046341, 36046329, 36046277, 36046309, 36006723, 36004554, 36045531, 36038670, 36046201, 36046291, 36045371, 36046336, 36029267]
['lumpini', '13:30', '13:40', 36045445, 36046343, 36045758, 36043373, 36044793, 36046216, 36046187, 36045878, 36042492, 36046190, 36043353, 36045971, 36043309]
['sinthorn', '13:30', '13:40', 36045858, 36043384, 36046290, 36046143, 36046263, 36045795, 36046315, 36046073, 36045856, 36045879, 36046303, 36027000, 36046253, 36045700, 36030270, 36046135, 36039671, 36045758, 36044652, 36042179, 36044154, 36046082, 36045381, 36045600, 36046031, 36045348]
['silom', '13:30', '13:40', 36046303, 36045087, 36044080, 36045597, 36045512, 36042179, 36045066, 36015545, 36046216, 36046190, 36029267, 36046031]
['wahkor', '13:30', '13:40', 36044929, 36046214, 36046287, 36044811, 36046048, 36004554, 35996003, 36046187]
['library', '13:30', '13:40', 36046226, 36030270, 36046062]
['art', '13:30', '13:40']
