['food', '08:00', '08:10', 31524718, 36048776, 36037087, 32144968, 36047792, 36046829, 36046761, 36047216, 30155268, 36044788]
['greenzone', '08:00', '08:10', 36048683, 36047216]
['camera', '08:00', '08:10', 36048732, 36048367, 36048311, 36048688]
['cartoon', '08:00', '08:10', 36042108, 36046191, 36044512]
['gallery', '08:00', '08:10', 36048311, 36048688]
['klaibann', '08:00', '08:10', 36048805, 36046829, 36040051, 36046315, 36048484, 36048721]
['jatujak', '08:00', '08:10', 36048517, 36048681, 36045930, 36048463]
['chalermkrung', '08:00', '08:10', 36046015, 36047840, 36047818]
['chalermthai', '08:00', '08:10', 36048192, 36048401]
['family', '08:00', '08:10', 36045018, 36048806, 36047401, 36046881, 36040051, 36048802, 31883472, 31176670, 36046963, 36048733, 36044788]
['home', '08:00', '08:10', 36048769, 36045990, 36037087, 36047216, 36046744, 30724001, 36044185, 36048719, 36045535, 36045930, 36045215, 36047013]
['siliconvalley', '08:00', '08:10', 36045848, 36047648, 36042108, 36047986, 36048190, 36047325, 36046191, 36048585, 36048765]
['beauty', '08:00', '08:10', 36047825, 36048796]
['writer', '08:00', '08:10']
['blueplanet', '08:00', '08:10', 36021642, 36038089, 34245927, 36046481, 36046315, 36048801, 36048484, 36045993]
['tvshow', '08:00', '08:10', 36047091, 36048074, 36046354, 36047957, 35917459, 36048167, 36047845]
['bangrak', '08:00', '08:10', 36048600, 36045459, 36047401, 36046881, 36048055, 36046963, 36047703, 36048386, 36048693, 36048052, 36048716]
['horoscope', '08:00', '08:10', 36048670, 36048580]
['pantip', '08:00', '08:10', 36048743]
['region', '08:00', '08:10']
['mbk', '08:00', '08:10', 34307510, 36045821, 36046332, 36048799, 36048686, 36048765]
['all', '08:00', '08:10', 36046015, 36048517, 36048770, 36048732, 36048808, 36048769, 36045758, 36045848, 36048764, 34307510, 36048807, 36047648, 36043177, 36042108, 36045990, 36048367, 36048600, 36047986, 34689853, 36045018, 31524718, 36048694, 36047091, 36048311, 36048734, 36048806, 36048275, 36048805, 32939836, 36048190, 36045821, 36021642, 36046332, 36048187, 36045459, 36048774, 36048074, 36047401, 36046881, 36048210, 36048776, 36037087, 36048804, 32144968, 36038089, 36047609, 36047792, 36048784, 36048681, 36048337, 34245927, 36048696, 36048132, 36047180, 36048569, 36046829, 36043962, 36048404, 36048803, 36047825, 36048031, 36046354, 36046481, 36040051, 36046761, 36048802, 36048683, 36047216, 36046744, 31883472, 30724001, 36046315, 36048800, 36048801, 36048055, 36047957, 36048670, 36044863, 36045920, 36048673, 31176670, 36048799, 35917459, 36048484, 36045993, 36048167, 36048798, 36047325, 36048721, 36024684, 36044185, 36048797, 36045305, 36047845, 36046839, 36046985, 36045789, 36048688, 36046963, 36047703, 36048386, 36048796, 36047840, 36046191, 30155268, 36048733, 36044512, 36048693, 36048719, 36048452, 36048773, 36044788, 36048129, 36047332, 36048743, 36048611, 36048686, 36045535, 36048012, 36045930, 36048463, 36048192, 36045371, 36048646, 36048795, 36048585, 36048580, 36048052, 36045215, 36048716, 36048765, 36047013, 36047947, 36045008, 36045545, 36048794, 36047818, 36048793, 36048401, 36048651]
['ratchada', '08:00', '08:10', 36048337, 36047180, 36048031, 36048801, 36045920, 36048452, 36048795, 36045008, 36048794]
['rajdumnern', '08:00', '08:10', 36048770, 36047648, 36048774, 36048132, 36024684, 36048012]
['isolate', '08:00', '08:10', 36043177, 36048793]
['social', '08:00', '08:10', 36045758, 36045848, 36047648, 32939836, 36048210, 36048404, 36040051, 36048683, 36048796, 36048611, 36048686, 36047013]
['religious', '08:00', '08:10', 36048806, 36043962, 36045789, 36048611]
['supachalasai', '08:00', '08:10', 36048807, 36048275, 36048804, 36047609, 36048696, 36048569, 36047825, 36048800, 36044863, 36048646, 36048795, 36048651]
['siam', '08:00', '08:10', 36048734, 36048805, 36046963, 36048796, 36045371, 36048052]
['lumpini', '08:00', '08:10', 36045758, 36046829, 36047825, 36048798, 36047703]
['sinthorn', '08:00', '08:10', 36048808, 36045758, 36048764, 36048694, 32939836, 36045821, 36048187, 36048132, 36046315, 36048673, 36046839, 36048719, 36048129, 36047332, 36047947]
['silom', '08:00', '08:10', 31524718, 32939836, 36048784, 36048132, 36048683, 36048721, 30155268, 36048719, 36048773, 36048129]
['wahkor', '08:00', '08:10', 32939836, 36048797, 36045305, 36045545]
['library', '08:00', '08:10', 34689853, 36047091, 36048803, 36045305, 36048129]
['art', '08:00', '08:10', 36046985, 36048463]
