['food', '15:50', '16:00', 36043905, 36046453, 36044884, 36034094, 36046455, 36045731, 36045451, 36044581, 36041782, 36045610, 36044788, 36045155]
['greenzone', '15:50', '16:00', 36042957]
['camera', '15:50', '16:00', 36042043, 36041893, 36046227, 36046096, 36045547, 36046500]
['cartoon', '15:50', '16:00', 36046047, 36046740, 36038771, 36046446, 36046191, 35405762, 36030012, 36042590, 36046588]
['gallery', '15:50', '16:00', 35690983, 36041893, 36043936, 36046731]
['klaibann', '15:50', '16:00', 36040051, 36046386, 36046479, 36046754, 36043073, 36046241, 36046737, 36039950, 36046202, 36041796, 36046100]
['jatujak', '15:50', '16:00', 36045311, 36045333, 35405762, 36045580, 36042957, 36046731]
['chalermkrung', '15:50', '16:00', 36046730, 36046071, 36043213, 36046312, 36046574, 36046746, 36045978, 36046410, 36031299, 36044657, 36046728]
['chalermthai', '15:50', '16:00', 36046625, 36037526, 36046617, 36041666, 36046672, 36038771, 36046661, 36046719, 35980315, 36030012]
['family', '15:50', '16:00', 36040051, 36043905, 36045018, 36041608, 36046582, 36045024, 36044080, 36046342, 36046739, 36046283, 36044788, 36041796, 36044102, 36046720, 36043078]
['home', '15:50', '16:00', 36046744, 36046469, 30799243, 36041839, 36046697, 36046066]
['siliconvalley', '15:50', '16:00', 36046447, 36045256, 36046038, 36038771, 36046697, 36046191, 36046356, 36046570, 36046580, 36045704]
['beauty', '15:50', '16:00', 36045222, 35987221, 36046750, 36044018, 36046748, 36046742, 35405762, 36044151, 36045831, 36046494, 36015731, 35963279, 36046176]
['writer', '15:50', '16:00']
['blueplanet', '15:50', '16:00', 36046386, 36045700, 36042933, 36046755, 36044630, 36046754, 36044681, 36046279, 36046417, 35690983, 36046455, 36045506, 36043073, 36045993, 36043936, 36046739, 35980315, 36046736, 36046731, 36046360, 36046230]
['tvshow', '15:50', '16:00', 36046686, 35998547, 36046647, 36046625, 36046746, 36022757, 36043593, 36046569, 36029598, 36046299, 36046575, 36046555, 36043943, 36040354, 36046063, 36046619, 36044135, 36041337, 36046672, 36046664, 36044579, 36045103, 36046724, 36027370, 36046494, 35969446, 36044544, 36046403, 36046354, 36046219, 36046390]
['bangrak', '15:50', '16:00', 36046730, 36046277, 36046474, 35794004, 36046721, 36046751, 36046750, 36041608, 35736718, 36043088, 36046210, 36041541, 36045045, 35923109, 36044920, 36041796, 36045172, 36045233, 36045477, 36043107, 36046733, 36046329, 36017243, 36046541, 36046666]
['horoscope', '15:50', '16:00', 36046347, 36044224, 36039837, 36046413, 36042739, 36046340]
['pantip', '15:50', '16:00', 36046647]
['region', '15:50', '16:00', 36044630, 36046455, 36046739, 36042688, 36046360, 36046230]
['mbk', '15:50', '16:00', 36044552, 36046698, 36026217, 36046753, 36046749, 36046077, 36042148, 36046038, 36046153, 36046356, 36046716, 36045084, 36040103, 36044673]
['all', '15:50', '16:00', 36042243, 36045348, 36046730, 36040051, 36046071, 36046744, 36046277, 36044283, 36046386, 36046686, 36046302, 36045222, 36045371, 36043213, 36046453, 36030390, 36045746, 36044552, 36046698, 36045700, 36039772, 36026217, 36046474, 35998214, 36042933, 36046738, 36046312, 36045035, 36046144, 36046755, 35998547, 36045815, 36046479, 36046647, 36044630, 36045517, 36046347, 36046754, 36044681, 36045311, 36046449, 36046279, 36046652, 36037526, 36046574, 36045333, 36046417, 36046047, 36046753, 36046547, 36046746, 36046669, 36022757, 36046408, 36046617, 36046727, 35794004, 36046721, 36046628, 36038870, 36046752, 36034094, 35690983, 36046484, 36045506, 36046455, 35987221, 31201656, 36040771, 36044085, 36046751, 36043593, 36046569, 36046689, 36042043, 36046469, 36045731, 36046190, 36043970, 36029598, 36046299, 36046358, 36044224, 36043282, 30799243, 36045545, 36043073, 36046575, 36041893, 36044429, 36046750, 36045018, 36041666, 36046749, 36045993, 36044018, 36046555, 36046077, 36043943, 36046447, 36046748, 36041608, 36043177, 36042148, 36046747, 36045256, 36046083, 36045789, 36040354, 36046582, 36046586, 36046710, 36046241, 35736718, 36043088, 36034667, 36043936, 36046210, 35996982, 36046063, 36046227, 36046619, 31089354, 36046038, 36044077, 36046740, 36045024, 32939836, 36045451, 36046737, 36044135, 36041337, 36041541, 36035058, 36046681, 36045978, 36045119, 36046672, 36045945, 36045544, 36046420, 36045045, 36045698, 35923109, 36046153, 36039837, 36041052, 36044920, 36046743, 36038771, 36043354, 36046742, 36046661, 36046697, 36044080, 36046096, 36046446, 36046741, 36042751, 36046342, 36046410, 36046684, 36046191, 36044581, 36045772, 35561543, 36041782, 36046719, 36038679, 36045610, 35405762, 36045254, 36046664, 36046356, 36044548, 36046723, 36045672, 36046739, 36046413, 36022663, 36045580, 35980315, 36039950, 36045943, 36044151, 36046161, 36046283, 36044458, 36044788, 36045349, 36045547, 36046202, 36044579, 36030012, 36046135, 36041796, 36045172, 36045233, 36040502, 36040561, 36044102, 36045155, 35952418, 36046080, 36041356, 36045885, 36026601, 36046100, 36046720, 36045477, 36046472, 36046736, 36046716, 36031299, 36045103, 36045084, 36046724, 36043078, 35484483, 36042590, 36046066, 36045831, 36044657, 36044211, 36027178, 36046735, 36027370, 36046734, 36043107, 36042957, 36046500, 36034420, 36046570, 36045502, 36046733, 35961830, 36046732, 36046253, 36042688, 36046588, 36046731, 36046329, 36046494, 36017243, 36042739, 36045087, 36046640, 36040103, 36046541, 36015731, 36046580, 35969446, 36046584, 36046360, 36046340, 36046230, 36046551, 35963279, 36044544, 36044565, 36044673, 36046729, 36046176, 36046639, 36046403, 36046666, 36046354, 36044863, 36046219, 36046629, 36045704, 36046726, 36046728, 36045305, 36046390, 36045548]
['ratchada', '15:50', '16:00', 36046302, 36030390, 36044630, 36046417, 36046547, 36029598, 36043282, 36045993, 31089354, 36045254, 36022663, 36026601, 36034420, 36045502, 36046640, 36046360]
['rajdumnern', '15:50', '16:00', 36045746, 36046408, 36046628, 36045698, 36046684]
['isolate', '15:50', '16:00', 35998214, 36046738, 36043177, 35484483, 36046726]
['social', '15:50', '16:00', 36040051, 36046386, 36044552, 36039772, 36026217, 36045035, 36046628, 36045506, 36029598, 36041893, 36046747, 36046582, 36046586, 35996982, 36045024, 32939836, 36035058, 36045119, 36045945, 35561543, 36046283, 36045349, 36041796, 36040561, 36046080, 36045885, 36027178, 36046732, 36046580, 36046639, 36046666]
['religious', '15:50', '16:00', 36044283, 36040771, 36046083, 36045789, 36044077, 36042751, 36045885, 36027178, 36046551]
['supachalasai', '15:50', '16:00', 36042243, 36046144, 36045815, 36046669, 36046727, 36043970, 36044429, 36034667, 36046737, 36045544, 36046420, 36043354, 36045943, 36046161, 36044211, 36044565, 36046729, 36044863]
['siam', '15:50', '16:00', 36045371, 36039772, 36046474, 36045035, 36046721, 36044085, 36046751, 30799243, 36046750, 36041608, 36046747, 36046582, 36046210, 36045451, 36045544, 36044920, 36038771, 36039837, 36046743, 36038679, 36044102, 35952418, 36043107, 35961830, 36046329, 36017243, 36045548]
['lumpini', '15:50', '16:00', 36045815, 36046449, 36038870, 31201656, 36046190, 36046586, 36045945, 36046742, 36044581, 36046723, 36046283, 36046720, 36046472, 36045831, 35963279, 36046176]
['sinthorn', '15:50', '16:00', 36045348, 36030390, 36045700, 36045517, 36046652, 36046752, 36046484, 36046689, 36045731, 36046358, 32939836, 36035058, 36046681, 36045672, 36046135, 36046080, 36041356, 36046066, 36046253, 36040103, 36046584, 36046629]
['silom', '15:50', '16:00', 36046453, 36045506, 36045731, 36046190, 36046586, 32939836, 36045451, 36046681, 36041052, 36046743, 36046741, 36044548, 36039950, 36041796, 36040502, 36046080, 36041356, 36046472, 36046734, 36046494, 36045087]
['wahkor', '15:50', '16:00', 36046449, 36045545, 36046710, 32939836, 36045698, 36045772, 36045580, 36044458, 36042688, 36046551, 36046729, 36045305]
['library', '15:50', '16:00', 36044085, 36046063, 36046743, 36046735, 36046551, 36045305]
['art', '15:50', '16:00', 36038771, 36046734]
