['food', '16:10', '16:20', 30992200, 36045939, 36044788, 36046806, 36046711, 36038937, 36046792, 36045731, 36043347, 36041185, 36043933, 36046033, 36045714, 31245586, 36046556, 36046658, 36046783]
['greenzone', '16:10', '16:20', 36046287]
['camera', '16:10', '16:20', 36044929, 36045979, 36045566, 36046096, 36041085]
['cartoon', '16:10', '16:20', 36045208, 33072903, 36046740, 36041914, 36020802, 36046771]
['gallery', '16:10', '16:20', 36046126, 36044929, 36046621, 36041458, 35976814, 36046556, 36046679]
['klaibann', '16:10', '16:20', 36046386, 36044013, 36044309, 36046737, 36046241, 35941457, 36041796, 36046801, 36046228, 36046794, 36046033, 36046521, 36039950]
['jatujak', '16:10', '16:20', 36045930, 36046577, 36046711, 36046800, 36045311, 36045333, 36046777, 36046757]
['chalermkrung', '16:10', '16:20', 36046763, 36046813, 36046071, 36046574, 36046410, 36045109, 36041945, 36046728, 36046791, 36046643, 36046687, 36044968]
['chalermthai', '16:10', '16:20', 36045208, 36046307]
['family', '16:10', '16:20', 36044038, 36046817, 36046177, 36043860, 36045018, 36044788, 36046760, 36041796, 36046773, 36044080, 36041608, 36041432, 36046033, 36046245, 36046776]
['home', '16:10', '16:20', 36045930, 36046816, 36046814, 36046235, 36046715, 36046780, 36046668, 36046803, 31957082, 36045990, 36046796, 36046697, 36041839, 36046423, 36046782, 36044405]
['siliconvalley', '16:10', '16:20', 36046154, 36046766, 36046790, 36044064, 36046235, 36046780, 31822934, 36035461, 33072903, 36044928, 36046287, 36046803, 36045337, 36036634, 36046709, 36029373, 36043527, 36046697, 36044886, 36046090, 36035165]
['beauty', '16:10', '16:20', 36042519, 36045222, 36043860, 36046798, 36044457, 36046801, 36043309, 35477588, 36046793, 36041866, 34935045, 36045468, 36046784, 36044151, 36044155]
['writer', '16:10', '16:20']
['blueplanet', '16:10', '16:20', 36046126, 36046386, 36046417, 30500436, 36046809, 36046508, 36046230, 36046801, 36046659, 36044929, 36043458, 36046621, 36046797, 36046794, 36041458, 36046166, 36041185, 35976814, 36045700, 31245586, 36045101, 36043495, 36046679, 36044460]
['tvshow', '16:10', '16:20', 36046770, 36046664, 36044042, 36046686, 36046238, 36029598, 36046145, 36029373, 36032552, 35989216, 36046354, 36046627, 36044936, 36046120, 36046063, 36045390, 35741451]
['bangrak', '16:10', '16:20', 36044038, 36043625, 36046177, 36046785, 36043107, 36045459, 36046346, 35695786, 36046314, 36046760, 36046807, 36041796, 36026256, 36046773, 36044356, 36041608, 36046721, 36041432, 36045761, 36044920, 36046245, 36046573, 36041742, 36046428, 36046527]
['horoscope', '16:10', '16:20', 36043915, 36044924, 36046715, 36046413, 36046802, 36042739]
['pantip', '16:10', '16:20', 36044968, 36045038]
['region', '16:10', '16:20', 36046230, 36046621, 36046658, 36043495]
['mbk', '16:10', '16:20', 36046766, 36046031, 36046256, 36046716, 36046698, 36046559, 36046530, 36046789, 36046787, 36046539, 36046792, 32055165, 36046749, 36045070, 36044886, 36044673, 36046090, 36046332, 36046753, 36032288]
['all', '16:10', '16:20', 36045323, 36042519, 36044038, 36046817, 36046154, 36046633, 36046770, 36046126, 36046263, 30992200, 36041956, 36046766, 36038104, 36046164, 36046664, 36043915, 36043625, 36045208, 36045371, 36045939, 36046031, 36044340, 36046256, 36045930, 36046790, 36046177, 36045148, 36044064, 36046021, 36046816, 36045222, 36046785, 36044924, 36046386, 36046815, 36044042, 36043860, 36046814, 36046235, 36046763, 36046417, 36045911, 36046686, 36043107, 36045018, 36046812, 36046238, 36046420, 36046768, 36046408, 36046650, 36046715, 36046498, 36046592, 36044013, 36046813, 36046780, 36044309, 36045459, 36046346, 30500436, 36045943, 36046737, 36046577, 31822934, 36046071, 36035461, 36046241, 36046745, 35695786, 36046716, 33072903, 36046677, 36046314, 36046798, 36044788, 36045644, 36029598, 36046668, 36046811, 36046760, 36044928, 36046740, 36046698, 36046262, 36046810, 36046809, 36045646, 36046693, 36046559, 36046574, 36046413, 36046287, 36046808, 36046807, 36044950, 36046701, 36046806, 35941457, 36043494, 36046765, 36041796, 36044457, 36026256, 36046410, 36046805, 36046530, 36046773, 36046804, 36046803, 36046789, 36046727, 31957082, 36046508, 36045982, 36044356, 36045337, 36046799, 36046781, 36046645, 36046802, 36046787, 36036634, 36046684, 36046758, 36046230, 36042377, 36045717, 36046801, 36046539, 36046220, 36043309, 36042739, 36046629, 36046208, 36046709, 36046800, 36046659, 36044929, 36046738, 36045920, 36046228, 36045109, 36045990, 36046145, 36044412, 36046713, 36046429, 36041608, 36043458, 36041914, 36045979, 36029373, 36045566, 36032552, 36046621, 35989216, 36017993, 36041945, 36046721, 36046772, 36046611, 36046728, 36046425, 31524352, 36030281, 36046797, 36044104, 36046354, 36038937, 36046796, 36044507, 36045718, 35477588, 36044072, 36046791, 36046794, 36046795, 36046793, 36041866, 36041432, 30753043, 36042771, 36020802, 36041458, 36046627, 36046792, 34935045, 36046771, 36044936, 36046166, 36043527, 36045731, 36046120, 36043347, 36045311, 36041185, 36046096, 36043933, 36046643, 35976814, 36046033, 36046628, 36046788, 36046687, 36046697, 36045789, 36045761, 36044920, 36045531, 32055165, 36046083, 36046786, 36046521, 36046245, 36045546, 36039950, 36045333, 36046741, 36041839, 36046749, 36046689, 36039335, 36044962, 36045714, 36046573, 36045700, 36041983, 31245586, 36046556, 36046658, 36046423, 36045468, 36041085, 36045335, 36045101, 36045070, 36046784, 36044968, 36042912, 36046783, 36046466, 36046063, 36044886, 36046782, 36044673, 36044795, 36046090, 36041742, 36044216, 36035165, 36043495, 36046779, 36046364, 36046778, 36045390, 36046777, 36046332, 36046757, 36044405, 36046428, 36046776, 36046527, 36046753, 35741451, 36032288, 36044151, 36046679, 36030390, 36046307, 36045038, 36044460, 36044155]
['ratchada', '16:10', '16:20', 36045323, 36044038, 36046766, 36046815, 36046417, 36046812, 36044013, 36045644, 36029598, 36046781, 36046645, 36042377, 36045717, 36045920, 36046611, 36044104, 36045718, 36044936, 35976814, 36046788, 36039335, 36030390]
['rajdumnern', '16:10', '16:20', 36046164, 36045911, 36046768, 36046408, 36046650, 36046262, 36046684, 36046208, 36042771, 36046628]
['isolate', '16:10', '16:20', 36046498, 36046810, 36046738, 36046778]
['social', '16:10', '16:20', 36041956, 36038104, 36043625, 36046177, 36046386, 36044309, 35695786, 36046314, 36029598, 36041796, 36046789, 31957082, 36036634, 36046611, 36044072, 36041866, 36046628, 36045531, 36044962, 36046573, 36046556, 36046364]
['religious', '16:10', '16:20', 36043915, 36046811, 36046795, 36045789, 36045531, 36046083]
['supachalasai', '16:10', '16:20', 36046633, 36046420, 36045943, 36046737, 36045646, 36043494, 36046727, 36046645, 36042377, 36046220, 36043309, 36046466, 36044795]
['siam', '16:10', '16:20', 36045371, 36044340, 36045148, 36043107, 36046346, 35695786, 35941457, 36046765, 36026256, 36046773, 36046804, 36046802, 36046758, 36044412, 36041608, 36017993, 36046721, 30753043, 36042771, 36044920, 36045531, 36046573, 36046527]
['lumpini', '16:10', '16:20', 36042519, 36044924, 36043860, 36046798, 36046808, 36043309, 36046429, 36044507, 36046793, 36041866, 30753043, 36046033, 36045468, 36044795, 36046779, 36046777, 36044155]
['sinthorn', '16:10', '16:20', 36046263, 36046031, 36046021, 36046816, 36046592, 36046745, 36046677, 36046693, 36044950, 36046701, 36046805, 36045982, 36046629, 36046713, 36046772, 31524352, 36030281, 36046796, 36044072, 36045731, 36045546, 36046689, 36045700, 36030390]
['silom', '16:10', '16:20', 30992200, 36046031, 36046814, 36046592, 36041796, 36046765, 31524352, 36046796, 36044072, 36045731, 36046786, 36039950, 36046741, 36042912]
['wahkor', '16:10', '16:20', 36046287, 36046802, 36044929, 36046425, 36042771, 36041983, 36045335, 36044216]
['library', '16:10', '16:20', 36044340, 36045644, 35941457, 36046765, 36046799, 36017993, 36046425, 36046521, 36046556, 36046063]
['art', '16:10', '16:20', 36020802, 36046307]
