['food', '10:40', '10:50', 36045710, 36042467, 36045714, 36044581, 36045451, 36031927]
['greenzone', '10:40', '10:50', 36045385, 36045850]
['camera', '10:40', '10:50', 36040705, 36045803, 35120195, 36045547]
['cartoon', '10:40', '10:50', 36044261, 36040189, 36045208, 32513585, 35958518]
['gallery', '10:40', '10:50', 36036714]
['klaibann', '10:40', '10:50', 36045857, 36045708, 36038289, 36040051, 36041890, 36031030]
['jatujak', '10:40', '10:50', 36045853, 36045859, 36043368, 36045333, 36042966, 36044153, 36045754]
['chalermkrung', '10:40', '10:50', 34222540, 36045849, 36045518, 36045220, 36045688, 36045543, 36041481, 36041267, 36045174]
['chalermthai', '10:40', '10:50', 36044508, 36045861, 36043368, 36044561, 36037526, 36044398, 36045208, 36044331]
['family', '10:40', '10:50', 36045830, 36045485, 36045575, 36043680, 36044080, 36045671, 36043243, 36031381, 36043860, 36040051, 36045837, 36045018, 36038864]
['home', '10:40', '10:50', 36043679, 30092011, 35980293, 36043464, 36044405, 36045788, 36042664, 36045535, 33122968, 36045232]
['siliconvalley', '10:40', '10:50', 36045578, 36042056, 36044405, 36045683, 36045770, 36045849, 36045848, 36045817, 36043690, 36045766, 36045405, 36045775, 36045783, 36045838, 36045835, 36044098, 36045812, 36043659]
['beauty', '10:40', '10:50', 36044151, 36045859, 33636765, 33683803, 35848366, 36043860, 36045222, 36045834, 36044121, 36045073, 36045831]
['writer', '10:40', '10:50', 36045604, 36043864]
['blueplanet', '10:40', '10:50', 36045710, 36045564, 36045651, 36045830, 36045587, 36042866, 36045700, 36036714, 36045489, 36044818, 36045708, 36045729, 36038289, 36045300, 36044904, 35188386, 36045278, 36038089, 36045243, 36045806, 36031381, 36044630, 36028939, 36045063, 36042737, 36038864]
['tvshow', '10:40', '10:50', 36045842, 36044508, 36045861, 36042262, 36045725, 36044758, 36045220, 36045217, 36043871, 36044622, 36041337]
['bangrak', '10:40', '10:50', 36045748, 36045862, 36041776, 36045186, 36045485, 36044628, 35923109, 36045851, 36045233, 36045575, 36040610, 36045671, 36041069, 36045459, 36041890, 36045263, 36045249, 36043988, 36014300]
['horoscope', '10:40', '10:50', 36042739, 36043680, 36043521, 36042683, 36043544, 36045632]
['pantip', '10:40', '10:50', 36045841]
['region', '10:40', '10:50', 36045729, 36045806, 36044630, 36045843, 36045391, 35601282, 35603664]
['mbk', '10:40', '10:50', 36045854, 36045770, 36039251, 36045847, 36045800, 36045821, 36033997, 36045739, 36045792, 35975475]
['all', '10:40', '10:50', 36043679, 36045758, 36045269, 36045842, 36044745, 36045588, 36045748, 36045862, 36045710, 36038900, 36045564, 31418983, 30092011, 36040713, 36045651, 36044508, 36040645, 36041776, 36045830, 36045578, 36045861, 36045587, 36045860, 36045856, 36045510, 36045853, 36044151, 36042866, 36045700, 34222540, 36045859, 36043368, 36045385, 36045845, 36045698, 36045858, 36044261, 36040502, 36040705, 36036714, 36045333, 36040189, 35980293, 36045276, 36045646, 36045186, 36043464, 36045857, 36042739, 36045489, 36045485, 30716784, 33636765, 36042056, 36044405, 36045701, 36045508, 36045600, 36042262, 36045442, 36044165, 36045788, 36045546, 36044818, 33683803, 36044424, 36045623, 36044561, 36045200, 36045708, 36045683, 36037526, 36045371, 36045167, 36045729, 36045595, 36042517, 35848366, 36045285, 36043027, 36045759, 36045496, 36045855, 36045531, 36044628, 36042664, 36045087, 36038289, 36045854, 36045300, 36045772, 36045745, 35923109, 36045725, 36045851, 36045770, 36045604, 36044179, 36044069, 36045233, 36045575, 36045257, 36045850, 36044742, 36045849, 36042902, 36044904, 36039251, 36044328, 35188386, 36045255, 36045278, 36045848, 36045702, 36043680, 36044758, 36038089, 36042467, 36042966, 36045577, 36044398, 36045817, 36043690, 36045847, 36045267, 36044722, 36045803, 36045766, 36042785, 36044080, 36037764, 36043705, 36045518, 36040610, 36045305, 36045243, 36045405, 36045778, 36045775, 36045846, 35120195, 35979038, 36045795, 36045671, 36045841, 36045714, 36043243, 36045844, 36045535, 36045220, 36041069, 36044493, 36045208, 36045482, 36045806, 36045779, 36031381, 36043177, 36044630, 36045547, 36028939, 36043969, 36043266, 35898343, 36045800, 36045459, 33122968, 36045843, 36045783, 36045746, 36043521, 36043697, 36045832, 36045217, 36045821, 36045793, 36045063, 36043860, 36040051, 36045503, 36044581, 32513585, 36044555, 36033997, 36045451, 36045739, 36045688, 36044524, 36045543, 36045391, 36045838, 36045538, 36045839, 36045837, 36045222, 36041890, 36045475, 36045232, 36045633, 36043871, 36044622, 36045836, 36041337, 36041481, 36045717, 36045835, 36045342, 36043518, 36044098, 36043864, 36045652, 36045657, 36045812, 36045834, 36045792, 36045263, 31075504, 36045833, 36042683, 36043544, 36045545, 36045734, 36045018, 35975475, 36045431, 36045569, 36044331, 36041267, 36031927, 35601282, 36044121, 36045249, 35958518, 36044153, 36043988, 36045073, 36045831, 36014300, 36045530, 36045116, 36045754, 36045632, 36043659, 36031030, 36045791, 36045752, 36042737, 36045174, 36038864, 35603664, 36045829]
['ratchada', '10:40', '10:50', 36045588, 36045508, 36045442, 36045285, 36045577, 36044722, 36044630, 36045832, 36045793, 36044555, 36045717, 36043544, 36044153]
['rajdumnern', '10:40', '10:50', 36040645, 36045698, 36043705, 36045746]
['isolate', '10:40', '10:50', 36044424, 36045167, 36045844, 36043177, 35898343, 36044524, 36045833, 36045569]
['social', '10:40', '10:50', 36045758, 36045588, 36045385, 36043464, 36045701, 36043027, 36045531, 36045745, 36045851, 36044179, 36045575, 36044742, 36044904, 36045255, 36045848, 36044080, 36045518, 36045671, 36043243, 36043969, 36045459, 36040051, 36045652, 36045657, 36045431, 36031927, 36044121, 36045829]
['religious', '10:40', '10:50', 36045510, 36045496, 36045531, 36045850, 36045342]
['supachalasai', '10:40', '10:50', 36045842, 36038900, 36045646, 36045508, 36044165, 36045623, 36045759, 36045702, 36045846, 36044493, 36043266, 36045503, 36045633, 36044331, 36045831, 36045530, 36045116]
['siam', '10:40', '10:50', 36045862, 36040713, 36041776, 36045860, 36044151, 36045186, 30716784, 36045485, 36045371, 36045855, 36045531, 36044628, 36045851, 36044179, 36045233, 36045575, 36045257, 36044328, 35188386, 36045267, 36041069, 36045459, 36045843, 36045451, 36045538, 36045431, 36043988, 36014300, 36031030]
['lumpini', '10:40', '10:50', 36045758, 36045269, 36043368, 36045385, 36045276, 33683803, 36044069, 36045255, 36042467, 36042785, 36045671, 36043969, 36043697, 36043860, 36044581, 36045391, 36045657, 36045834, 31075504, 36045431, 36044121, 36045073, 36045831]
['sinthorn', '10:40', '10:50', 36045758, 36045588, 31418983, 36045856, 36045700, 36045845, 36045858, 36044261, 36045600, 36045546, 36045595, 36042517, 36042664, 36045778, 35979038, 36045795, 36045482, 36045779, 36045821, 36045538, 36045839, 36045475, 36043518, 36045734, 36031927, 36045752, 35603664]
['silom', '10:40', '10:50', 36044745, 36044151, 36044261, 36040502, 30716784, 36045200, 36042517, 36045087, 36045849, 36044080, 36045518, 36043969, 36045451, 36045538, 35601282, 36045791]
['wahkor', '10:40', '10:50', 36044745, 36043368, 36045385, 36045698, 36045772, 36042902, 36037764, 36045305, 36045836, 36045545, 36044121, 36045116]
['library', '10:40', '10:50', 36045860, 30716784, 36045855, 36045305, 36045843, 32513585]
['art', '10:40', '10:50', 36045817]
