['food', '12:00', '12:10', 36034593, 36043717, 36042179, 36029229, 36044196, 36039591, 36042714, 36038991, 36045963]
['greenzone', '12:00', '12:10']
['camera', '12:00', '12:10', 36040821, 36045970, 36046096, 36045547, 36045979]
['cartoon', '12:00', '12:10', 36046113, 36046047, 36046099, 36045208, 36046020, 36046105, 36045161, 36045968, 36045991]
['gallery', '12:00', '12:10', 36045182]
['klaibann', '12:00', '12:10', 36040929, 36046108, 36044316, 36029229, 36046100, 36046097]
['jatujak', '12:00', '12:10', 36045853, 36045311, 36044702, 36045333, 36045805, 36045930]
['chalermkrung', '12:00', '12:10', 36037939, 36046071, 36046015, 36045978, 36046110, 36038067, 36043391, 36045962, 36045143, 36044691, 36041997, 36043669]
['chalermthai', '12:00', '12:10', 36046113, 36046112, 36045208, 32128747, 36043880, 36045161, 36045075, 36041666]
['family', '12:00', '12:10', 36045597, 36044568, 36041432, 36045830, 36045679, 36044038, 36043038, 36046105, 36045135, 36041849, 36040187, 36045673]
['home', '12:00', '12:10', 36045597, 36045690, 36046066, 36045753, 36045448, 32284798, 36045788, 31166136, 36035174, 31978235, 36040540, 36033220, 36045930, 36045897, 33251341, 36043464]
['siliconvalley', '12:00', '12:10', 36045720, 36044947, 36040746, 36045705, 36041320, 36045704, 36045302, 36046038, 36042321, 36046012, 36045770, 36045991, 36046090, 36046003]
['beauty', '12:00', '12:10', 36046030, 36045222, 36044151, 36045878, 36045073, 36046095, 36045831, 36042817, 36046088]
['writer', '12:00', '12:10', 36046104, 36046084, 35914426]
['blueplanet', '12:00', '12:10', 36045700, 36045941, 35960366, 36045830, 36043975, 36045425, 36046108, 36045182, 36044316, 36044818, 36046106, 36039189, 36046002, 36044196, 36046070, 35849075, 36045295, 36045946, 36046022, 36002284, 36045063]
['tvshow', '12:00', '12:10', 36037939, 36044923, 36045922, 36046063, 36044991, 36045217, 36044719, 36046089, 36045321, 36045193, 36045872, 36039189, 36044070, 36044813, 36029598, 36046101, 36045044, 36046037, 36044965, 36046016, 36042817]
['bangrak', '12:00', '12:10', 36041432, 36044582, 36044038, 36035119, 36045997, 36046104, 36045918, 36045971, 35695786, 36045045, 36046045, 36045867, 36046061, 36046027, 36045085, 36045912, 36045449]
['horoscope', '12:00', '12:10', 36045997, 36045632, 36044925]
['pantip', '12:00', '12:10']
['region', '12:00', '12:10', 36043975, 36046106, 36046103, 36044196, 36045946, 36046098, 36044897, 33251341]
['mbk', '12:00', '12:10', 36045720, 36043449, 36045878, 36045448, 36043070, 36046008, 34424294, 36045705, 35997461, 36045680, 36043698, 30972944, 36042148, 36046038, 36042321, 36046012, 36045770, 36046065, 36027643, 36045847, 36032459, 36045462, 36044673, 36046090, 36046003]
['all', '12:00', '12:10', 36046030, 36045752, 36045221, 36046111, 33061732, 36045222, 36046082, 36045597, 36046113, 36046047, 36045690, 36045965, 36037939, 36045959, 36046071, 36045700, 36045953, 36045778, 36040929, 36046112, 33709509, 36044568, 36044923, 36045853, 36044151, 36045922, 36045720, 36046063, 36046099, 36042837, 36046015, 36043449, 36045878, 36045802, 36045970, 36034593, 36045035, 36041432, 36044991, 36045217, 36045311, 36044719, 36045073, 36046089, 36045321, 36045271, 36045941, 36043717, 36044582, 36046000, 36045978, 35960366, 36046110, 36045830, 36045371, 36046109, 36045531, 36045395, 36045644, 36046066, 36019183, 36044702, 36043975, 36042493, 36045425, 36045753, 36045911, 36045502, 36045679, 36045193, 36045448, 36046108, 36045208, 36044649, 36046096, 36044947, 36044617, 32128747, 36043070, 36045182, 36040746, 36044316, 36043880, 36046008, 36042179, 36045872, 36044818, 36046107, 36044038, 36046020, 36042651, 36046025, 34424294, 36045705, 36046106, 36041320, 35997461, 36038067, 36043391, 32284798, 36045680, 36035119, 36045788, 36045997, 36045916, 36043698, 36045632, 36045920, 36045704, 36039189, 36044941, 36045646, 36045842, 31166136, 36040639, 36043038, 36045621, 36044070, 30972944, 36046105, 36035174, 36045758, 36044813, 36042148, 36046062, 36045746, 36029229, 36046104, 36046103, 36046002, 36045333, 36045161, 36044196, 36045918, 36045588, 36045107, 36045492, 36045717, 36039591, 36045968, 36046070, 36046102, 35849075, 36045295, 36045546, 36044283, 36045971, 36045946, 35695786, 36029598, 36046022, 36044493, 36045805, 36046101, 31183344, 36038794, 36045045, 36045904, 36045302, 36045075, 31978235, 36046084, 36046100, 36046038, 36045698, 36045547, 36042321, 36046098, 36045962, 36046078, 36043911, 36046012, 36046045, 36046092, 36037179, 36046097, 36043101, 36042633, 36045143, 36046095, 36045530, 36042714, 36026991, 36045770, 36046094, 36046065, 36045867, 36046061, 36046093, 36044691, 36044897, 36045135, 36044722, 36040540, 36041849, 36033220, 36045943, 36045930, 36046014, 36046027, 36027643, 36045991, 35816457, 36045044, 36045847, 36045897, 36041356, 36044077, 36046037, 36038991, 36041997, 36002284, 36038553, 36045550, 36044720, 36045759, 36045831, 36032459, 36045085, 36045305, 36045462, 36040771, 35933327, 36045979, 36045773, 36045974, 36044965, 36042615, 36040187, 36045845, 36045063, 36015888, 36045963, 31205383, 36043669, 36046040, 36044925, 30236452, 36044673, 36046090, 36041666, 36044284, 36045912, 35914426, 36046003, 36045673, 36042814, 36045702, 36045449, 33251341, 36043464, 36046016, 36046088, 36042817, 36044631, 36045913]
['ratchada', '12:00', '12:10', 36045221, 36046111, 36045965, 36042837, 36045271, 36045644, 36019183, 36045502, 36046108, 36044649, 36044617, 36044038, 36042651, 36045916, 36045920, 36040639, 36045588, 36045717, 36045946, 36029598, 36046022, 36038794, 36045904, 36037179, 36044897, 36044722, 36042615, 36044284, 36042814]
['rajdumnern', '12:00', '12:10', 36040929, 36046000, 36045911, 36045746, 36045492, 36045698, 36042633, 36040540]
['isolate', '12:00', '12:10', 36046107, 36038553]
['social', '12:00', '12:10', 33061732, 36045720, 36042837, 36043449, 36045035, 36045531, 36019183, 36042493, 36046008, 36045705, 36035119, 36039189, 36040639, 36045758, 36046062, 36044196, 36045588, 36046102, 35695786, 36029598, 36027643, 35816457, 36045897, 36041997, 35933327, 36045773, 36040187, 36045963, 36015888, 36042814, 36043464]
['religious', '12:00', '12:10', 36045531, 36045679, 36046062, 36044283, 36044077, 36040771, 36046040]
['supachalasai', '12:00', '12:10', 36045953, 36045878, 36046109, 36044941, 36045646, 36045842, 36045621, 36045107, 36044493, 36046078, 36043911, 36046092, 36045530, 36045943, 36046014, 36045759, 36045831, 36045773, 36045702, 36045913]
['siam', '12:00', '12:10', 36044151, 36045035, 36045371, 36045531, 35997461, 36046104, 35695786, 36046098, 36046097, 36026991, 36045550, 36040187, 36045912, 36045449]
['lumpini', '12:00', '12:10', 36044568, 36045878, 36045073, 36044702, 36045758, 36045971, 36046061, 36045831, 36015888, 36044631]
['sinthorn', '12:00', '12:10', 36045752, 36046082, 36045959, 36045700, 36045778, 33709509, 36045802, 36046066, 36044617, 36042179, 36046025, 36045758, 36045588, 36045546, 31183344, 36046093, 36044897, 36041356, 36044720, 36045773, 36045845, 30236452]
['silom', '12:00', '12:10', 33061732, 36045597, 36044151, 36042493, 36045425, 36042179, 35997461, 36039189, 36046103, 36043101, 36044897, 36041356, 36045773, 36045974, 31205383]
['wahkor', '12:00', '12:10', 36045395, 36045698, 36045305]
['library', '12:00', '12:10', 36046063, 36045644, 36043975, 32128747, 36046062, 36046084, 36046098, 36046097, 36043101, 36026991, 36046094, 36045550, 36044720, 36045305]
['art', '12:00', '12:10', 36046094]
