['food', '17:10', '17:20', 36044788, 36046711, 36046833, 36046959, 36038521, 34004150, 36046829, 36045451, 36031927]
['greenzone', '17:10', '17:20', 36022898]
['camera', '17:10', '17:20', 36046878, 36045970]
['cartoon', '17:10', '17:20', 35445512, 35363024, 36043597, 36044261, 36046929]
['gallery', '17:10', '17:20', 36046966, 36046621, 36045182, 34452715, 36046679, 36046976, 36033469, 35818768, 36034618]
['klaibann', '17:10', '17:20', 36047000, 36037489, 36046829, 36046737]
['jatujak', '17:10', '17:20', 36046968, 36046999, 36046711, 36044153, 36046833, 36045333, 36046977, 36044992, 36046976, 36041800, 36045805, 36022898, 36034618, 36046777]
['chalermkrung', '17:10', '17:20', 36046813, 36046643, 36045978, 36046923, 36046853, 36046068, 36046975, 36046929]
['chalermthai', '17:10', '17:20', 36041454, 30387413, 36041666, 36046922, 36046929]
['family', '17:10', '17:20', 36046189, 36044788, 36046881, 36044231, 36046857, 36045018, 36046902, 36041608, 36046978, 36046068, 36046773, 36046582]
['home', '17:10', '17:20', 36046924, 36046796, 36042698, 36046544, 36046977, 36046840, 36022898, 36041692, 36043641, 36044185]
['siliconvalley', '17:10', '17:20', 36044064, 36046998, 36046996, 36046992, 36046803, 36046780, 36046766, 36045664, 36021984, 36046960, 36045711, 36046447, 36044445, 36046944]
['beauty', '17:10', '17:20', 36046189, 36026379, 36046798, 36045222, 36042817, 36045834, 36044155, 36044151, 36046742, 36045831, 36031657, 36045470, 36046973, 36046971, 36034771]
['writer', '17:10', '17:20', 36044699, 36045324, 36045767]
['blueplanet', '17:10', '17:20', 36046905, 36046987, 36046966, 36042777, 36046621, 36047000, 36043803, 36045182, 36046660, 36046925, 36046386, 36046679, 36046328, 36045564, 36046894, 36041834, 36013713, 36044818, 36033469, 36046762, 36043386, 35818768]
['tvshow', '17:10', '17:20', 36046146, 36047003, 36046575, 36046664, 36046995, 35900525, 36042817, 36046354, 36044212, 36046936, 36046411, 36046101, 36046853, 36046016, 35996142, 36046948, 36046823, 36045922, 36046953, 36046089, 36046979, 36043646, 36044965, 36046625, 36029598, 36045306]
['bangrak', '17:10', '17:20', 36046968, 36046210, 36046596, 36043107, 36046881, 36047001, 36046897, 36046961, 36043066, 36046869, 36046945, 36045696, 36044707, 36046133, 36046932, 35953280, 35953280, 35953280, 36042303, 36046666, 36041608, 35923109, 36046983, 36046348, 36046870, 36045683, 36046516, 36046541, 36044273, 36046773, 36046721, 36004797, 36046868]
['horoscope', '17:10', '17:20', 36046413, 36046340, 36046947, 36046133, 36046891, 36036872, 36042739, 36046802]
['pantip', '17:10', '17:20', 36046995]
['region', '17:10', '17:20', 36046621, 36046957, 36043386, 36043641]
['mbk', '17:10', '17:20', 36047004, 36046991, 36046950, 36046789, 36046941, 36046874, 36046997, 34452715, 36046887, 36046864, 36046877, 36046559, 36046749, 36046981, 36046892, 36021984, 36046332, 36020919, 36044445, 36026217, 36045998, 36046153, 36046954, 36046530]
['all', '17:10', '17:20', 36046968, 36035934, 36046905, 36046813, 36047006, 36046146, 36046189, 36046210, 36046952, 36046596, 35445512, 36047005, 36044064, 36047004, 36047003, 36043107, 36044256, 36043962, 36046987, 36046343, 36046949, 36047002, 36046991, 36046988, 36046799, 36046645, 36046881, 36046924, 36046966, 36042777, 36046586, 36046621, 36046897, 36047001, 36044231, 36046950, 36047000, 36046575, 36046878, 36044699, 36046999, 36046711, 36046796, 36046789, 36031024, 36046941, 36046961, 36044710, 36046413, 36046786, 36026379, 36043066, 30539627, 36037489, 36046874, 36046998, 36046795, 36046869, 36041454, 36046994, 36046643, 36045978, 36046997, 36046996, 36046798, 36045970, 36032855, 36046664, 36043803, 36046995, 36045182, 34452715, 36046208, 36046857, 36046887, 35363024, 36044153, 36046631, 36046923, 35900525, 36045923, 36044721, 36045222, 36044072, 36046945, 36046660, 36042745, 36046864, 36046340, 36046111, 36046311, 36046925, 36046947, 36042817, 36046992, 36046985, 36046957, 36045696, 36046354, 36046833, 36045324, 30387413, 36044697, 36043737, 36044212, 36046877, 36044201, 36045018, 36045348, 36046704, 36046936, 36042517, 36046803, 36046411, 36044707, 36045040, 36043177, 36046101, 36046989, 36044424, 36041666, 36046579, 36046133, 36046780, 36046932, 36044811, 36046811, 35953280, 35953280, 35953280, 36046902, 36046386, 36042303, 36044283, 36046559, 36046666, 35319927, 36045834, 36046830, 36046404, 36046982, 36041608, 36046679, 36046766, 36043597, 36046891, 36045291, 36046328, 36046986, 36045333, 36046938, 36046922, 36046853, 36026969, 36046016, 36046749, 35923109, 36046408, 36046652, 36046959, 36046984, 36045564, 36045512, 36046812, 36044155, 36046609, 36044151, 35996142, 36046890, 36046983, 36046742, 36046948, 36046981, 36046978, 36042698, 36019648, 36046348, 36046544, 36045664, 36046823, 36046892, 36045922, 36046870, 36046977, 36021984, 36046953, 36045683, 36042902, 36046889, 36046068, 36046946, 36044992, 36046089, 36046960, 36044631, 36046516, 36046332, 36046980, 36045711, 36045767, 36046933, 36046538, 36036872, 36046894, 36046513, 36045746, 36023757, 36046541, 36046979, 36046633, 36046927, 36038521, 36046976, 36045831, 36046840, 36046680, 36043646, 36044965, 36044261, 36046975, 36041800, 36046447, 36041834, 36044408, 36013713, 36046497, 36044273, 34004150, 36044818, 36020919, 36033469, 36046773, 36044445, 36046974, 36046829, 36031657, 36026217, 36045998, 36045470, 36042739, 36046625, 36046762, 36046973, 36017993, 36046721, 36044372, 36029598, 36046972, 36045451, 36046691, 36045805, 36022898, 36041692, 36046153, 36046918, 36045646, 36046802, 36046571, 36045137, 36046971, 36046804, 36046737, 36044983, 36046954, 36046768, 36044652, 36045306, 36045698, 36046970, 36004797, 36043903, 36034286, 36043386, 36046530, 36031927, 36034771, 36045530, 36046582, 35818768, 36043641, 36045518, 36034618, 36046868, 36044185, 36046777, 36046944, 36046929, 36036951]
['ratchada', '17:10', '17:20', 36047006, 36047002, 36046645, 36042777, 36044153, 36046111, 36043737, 36046989, 36046579, 36046766, 36046812, 36046933, 36044408, 36044372, 36029598]
['rajdumnern', '17:10', '17:20', 36046949, 36046208, 36046982, 36046938, 36046408, 36045746, 36023757, 36046974, 36046768, 36045698]
['isolate', '17:10', '17:20', 36032855, 36043177, 36044424, 36046986, 36046984, 36046890, 36046571, 36034286, 36036951]
['social', '17:10', '17:20', 36046952, 36047005, 36047004, 36044256, 36046586, 36046789, 36046941, 36046869, 36044072, 36044697, 36046932, 36046902, 36046386, 36046666, 36026969, 36046959, 36046977, 36046870, 36021984, 36046894, 36046974, 36026217, 36044372, 36029598, 36044983, 36046970, 36031927, 36046582]
['religious', '17:10', '17:20', 36035934, 36043962, 36046795, 36046811, 36044283, 36046609]
['supachalasai', '17:10', '17:20', 36046645, 36046994, 36046957, 36046704, 36046404, 36046538, 36046633, 36045646, 36045137, 36046737, 36045530]
['siam', '17:10', '17:20', 36046210, 36046596, 36047005, 36043107, 36047001, 36031024, 36046961, 36043066, 36046311, 36044707, 36046932, 35953280, 35953280, 35953280, 36042303, 35319927, 36041608, 36045291, 36046348, 36046870, 36036872, 36046497, 36044273, 36046773, 36017993, 36046721, 36046972, 36045451, 36046802, 36046804, 36004797, 36046582]
['lumpini', '17:10', '17:20', 36047005, 36046343, 36046586, 36044231, 36046798, 36046857, 36045923, 36045040, 35953280, 35953280, 35953280, 36046902, 36044155, 36046742, 36046978, 36019648, 36044631, 36046538, 36045831, 36046680, 36046829, 36031657, 36046777]
['sinthorn', '17:10', '17:20', 36047006, 36046988, 36046924, 36046796, 36046887, 36046631, 36044072, 36042745, 36045348, 36042517, 36046579, 36046830, 36046652, 36046889, 36046946, 36046513, 36046927, 36046840, 36044261, 36046691, 36046918, 36044652, 36043903, 36031927]
['silom', '17:10', '17:20', 36046952, 36047005, 36046586, 36046786, 30539627, 35363024, 36044721, 36044072, 36042745, 36046992, 36046833, 36042517, 36026969, 36045512, 36046980, 36045711, 36038521, 36044261, 36045451, 36046970, 36045518, 36046868]
['wahkor', '17:10', '17:20', 36046949, 36046711, 36044710, 36044721, 36044201, 36044811, 36042902, 36023757, 36046802, 36045698]
['library', '17:10', '17:20', 36046949, 36046799, 36044699, 36044710, 36046995, 36044201, 35319927, 36046497, 36017993]
['art', '17:10', '17:20', 36046878, 36046985, 36046929]
