['food', '12:40', '12:50', 36030737, 36045714, 36045451, 36043842, 36039449, 36044788, 36046186]
['greenzone', '12:40', '12:50']
['camera', '12:40', '12:50', 36046194, 36045979, 36046096, 36045566, 36045970]
['cartoon', '12:40', '12:50', 36046113, 36038195, 36040037, 36045871, 36046191, 36046047]
['gallery', '12:40', '12:50', 36046126]
['klaibann', '12:40', '12:50', 36046202]
['jatujak', '12:40', '12:50', 36045333, 36045311, 36046196, 36045853]
['chalermkrung', '12:40', '12:50', 36043644, 36045962, 36043061, 36046197, 36044973, 36046071, 36046185, 36041245]
['chalermthai', '12:40', '12:50', 36046113, 36041615, 36038195, 36044398, 36046193, 36045861]
['family', '12:40', '12:50', 36046189, 36044080, 36043078, 36045018, 36044539, 36044636, 36043746, 36043920, 36040037, 36045830, 36046121, 34941552, 36043664, 36043740, 36044788]
['home', '12:40', '12:50', 36046066, 36035174, 34037021, 36043872, 36046201, 34124515, 36045690, 36045769]
['siliconvalley', '12:40', '12:50', 36045411, 36046207, 35461171, 36045812, 36045327, 36045705, 34956979, 36044409, 36045766, 36046192, 36046191, 36046087]
['beauty', '12:40', '12:50', 36046176, 36045222, 36046189, 36044159, 36044190, 36044151, 35959424, 36044369, 36044403, 36043894, 36034756, 36044664, 36046187, 36045170, 36045467]
['writer', '12:40', '12:50', 36045324]
['blueplanet', '12:40', '12:50', 36042777, 36045700, 36039098, 36039189, 36044818, 36027621, 36046086, 36046194, 36044700, 36033343, 36044867, 36045946, 36038089, 36046126, 36044590, 36045489, 36045830, 36045425, 36046121, 36044681, 36044299, 36044637]
['tvshow', '12:40', '12:50', 36046146, 36045892, 36046063, 36022011, 36039189, 36045193, 36045044, 36044727, 36044991, 36046145, 36045873, 36045954, 36046101, 36045321, 36042262, 36045861, 36045922, 36046120, 36045404, 36045725, 36041245]
['bangrak', '12:40', '12:50', 36041970, 36046198, 36046205, 36046152, 36044539, 36045862, 36046075, 36046061, 36043920, 35775622, 34941552, 36046179, 36043740, 36044178, 36043066, 36046188]
['horoscope', '12:40', '12:50', 36036872, 36046199, 36046043]
['pantip', '12:40', '12:50']
['region', '12:40', '12:50', 36044446, 36046194, 36044349, 36045946, 36046195, 36046121]
['mbk', '12:40', '12:50', 34308243, 36045890, 36043698, 36046203, 36046137, 36046180, 36046200, 36045705, 36043999, 36045224, 36040097, 36046165, 36045616, 36043926]
['all', '12:40', '12:50', 36045815, 36045530, 36045167, 36042777, 36037764, 36046040, 36041970, 34308243, 36043644, 36045333, 36046176, 36045890, 36046062, 36045411, 36045222, 36030737, 36046198, 36046189, 35996982, 36044555, 36045623, 36045714, 36044080, 36046207, 36045700, 36045603, 36043078, 36044012, 36036872, 36043156, 36045892, 36046146, 36039098, 36044069, 36046063, 36039189, 36044818, 36045340, 36035626, 36045193, 36046073, 35461171, 36045943, 36045044, 36045962, 36044291, 35996637, 36044159, 36027621, 36045018, 36046206, 36044727, 36046205, 36044249, 36042968, 36046204, 36043698, 36044991, 36046086, 36044446, 36046194, 36035174, 36046066, 34037021, 36044349, 36046152, 36046203, 36046114, 36045646, 36046083, 36045005, 36044539, 36044548, 36045862, 36046202, 36044528, 36043061, 36046113, 36043872, 36041615, 36044190, 36044078, 36043027, 36046075, 36046201, 36045979, 36045772, 36046142, 36044636, 36046137, 36043746, 36044700, 36033343, 36046199, 36045812, 36044419, 36044151, 36045035, 36046145, 36045873, 35959424, 36046180, 36044369, 36046157, 36044403, 36045954, 36045327, 36038195, 36044867, 34124515, 36045946, 30550643, 36008936, 36045289, 36046061, 36046200, 36045705, 36046043, 36038089, 36043894, 36046126, 36044590, 36046101, 36040502, 36038104, 36045690, 36025567, 36045445, 36045489, 36046197, 36043920, 36034756, 36044664, 36045321, 36045531, 30103834, 36040037, 36046196, 35874294, 36042814, 36046195, 36044398, 36046102, 32770324, 36046096, 34956979, 36045830, 36043999, 36044973, 35736088, 36045224, 36044365, 36046164, 36046193, 36046080, 36045920, 34584528, 36045863, 36045425, 36045087, 33766605, 36045853, 36046129, 36046121, 36045036, 36042262, 36045698, 36046071, 36045871, 36045279, 36045381, 36046092, 36041356, 36044409, 36045766, 36045566, 36045636, 36045861, 36045709, 30437843, 30473817, 36045922, 36045492, 35775622, 36044971, 36045451, 36040097, 36045746, 31775479, 36046120, 36046192, 36045324, 36022549, 36045323, 35986195, 34941552, 36045288, 36045769, 36046191, 36046179, 36043664, 36045758, 36046190, 36043779, 36043740, 36045285, 36044681, 36045546, 36044299, 36045970, 36044637, 36044178, 36043842, 36043066, 36039449, 36045404, 36046109, 36045725, 36046165, 36044788, 36046188, 36046187, 36045170, 36046186, 36045616, 36046185, 36046047, 36041245, 36046163, 36043158, 36046184, 36043926, 36045809, 36045467, 36046087]
['ratchada', '12:40', '12:50', 36042777, 36044555, 36045603, 36045340, 36044249, 36046086, 36044446, 36044349, 36045005, 36044078, 36045946, 36025567, 36042814, 36045920, 36045279, 36045323, 36045288, 36043779, 36045285, 36045809]
['rajdumnern', '12:40', '12:50', 36046157, 36045289, 36046164, 36045698, 36045492, 36045746]
['isolate', '12:40', '12:50', 36045167, 36046206, 36046204, 35874294]
['social', '12:40', '12:50', 36046062, 35996982, 36044080, 36039189, 36044291, 34037021, 36043027, 36046201, 36045035, 36046180, 36046157, 34124515, 30550643, 36045705, 36038104, 36045531, 30103834, 36042814, 36046102, 32770324, 36046080, 34584528, 33766605, 36045758, 36043779, 36043740, 36044178, 36043158]
['religious', '12:40', '12:50', 36046040, 36046062, 36043156, 36046083, 36045531]
['supachalasai', '12:40', '12:50', 36045815, 36045530, 36045623, 36045340, 36045943, 36042968, 36046114, 36045646, 36044419, 35736088, 36046092, 36046109, 36046163, 36045809]
['siam', '12:40', '12:50', 36046198, 36044012, 36036872, 36046152, 36045862, 36046075, 36046201, 36044151, 36045035, 36044369, 36008936, 36045531, 30103834, 36046195, 32770324, 36044365, 30473817, 36045451, 36022549, 35986195, 36046179, 36043066, 36043158, 36046184]
['lumpini', '12:40', '12:50', 36045815, 36046176, 36044069, 36044190, 36044403, 36046061, 36043894, 36045445, 36034756, 30103834, 36046179, 36045758, 36046190, 36046187, 36043158]
['sinthorn', '12:40', '12:50', 36045700, 36046073, 35461171, 36046066, 34037021, 36044528, 36046142, 36046080, 34584528, 36045863, 36045036, 36045381, 36041356, 36045636, 36044971, 36045758, 36043779, 36045546]
['silom', '12:40', '12:50', 36044080, 36039189, 35461171, 35996637, 36044249, 36044548, 36046142, 36044151, 36040502, 36044365, 36046080, 36045425, 36045087, 36045871, 36041356, 30437843, 36045451, 31775479, 36046190, 36044178]
['wahkor', '12:40', '12:50', 36037764, 36043061, 36043872, 36045772, 36045698, 36045636, 36046187]
['library', '12:40', '12:50', 36046063, 36035626, 36043061, 36044365, 36046129, 36045709, 36046184]
['art', '12:40', '12:50']
