['food', '09:50', '10:00', 36045649, 36038937, 36042443]
['greenzone', '09:50', '10:00', 36045593, 36045676]
['camera', '09:50', '10:00', 36045536, 36041924, 36043455]
['cartoon', '09:50', '10:00', 36044030, 36042081, 36044221, 36043302, 36041844]
['gallery', '09:50', '10:00', 36041924]
['klaibann', '09:50', '10:00', 36041938, 36040051, 36045628, 36043292, 36045403, 36031112, 36045047, 36045637, 36044810]
['jatujak', '09:50', '10:00', 36045333, 36045311, 36045674, 36044605]
['chalermkrung', '09:50', '10:00', 36045594, 36043391, 36045658, 36045220, 36043665, 36038228, 36042530, 36017742, 36045051, 36044443, 36044658, 36041844, 36045638]
['chalermthai', '09:50', '10:00', 36043665, 36041612, 36044995, 36023238, 36044658, 36041666, 36041844, 36009783, 36042304]
['family', '09:50', '10:00', 36045671, 36044191, 36040051, 36044080, 36044943, 36014752, 36045679, 36045597, 36039577, 36044636, 36045673, 36044174, 36041432]
['home', '09:50', '10:00', 36045690, 36042698, 36045424, 36045497, 36045597, 36045493, 36045674, 36026974, 36044154, 36043641, 36019484, 36041352, 36043619]
['siliconvalley', '09:50', '10:00', 36045664, 36045683, 36044030, 36042200, 36043899, 36045424, 36026974, 36045670, 36041352, 36043068]
['beauty', '09:50', '10:00', 36043309, 36044151, 36042817]
['writer', '09:50', '10:00', 36045647]
['blueplanet', '09:50', '10:00', 36045587, 35871137, 36044055, 36038089, 36038171, 36045663, 36042933, 36045564, 36041924, 36029138, 36045676, 36045047, 36040329, 36045637, 36042522, 36041253, 36044810]
['tvshow', '09:50', '10:00', 36045306, 36044813, 36045658, 36045220, 36035812, 36045321, 36045619, 36018808, 36045675, 36044659, 36044965, 36044972, 36042530, 35967733, 36041337, 36023238, 36044514, 36042970, 36041383, 36022011, 36045193, 36044936, 36045404, 36042817]
['bangrak', '09:50', '10:00', 36039592, 35977245, 36045667, 36045671, 36045456, 36044729, 36045459, 36045056, 36044920, 36045668, 36041432, 36044582, 36033369, 35695786, 36043107, 36045399, 36045665]
['horoscope', '09:50', '10:00', 36045687, 36042739, 36043521]
['pantip', '09:50', '10:00', 36029138]
['region', '09:50', '10:00', 36045552, 36045624, 33583990, 36038171, 36044897, 36045676, 36043641, 36044446]
['mbk', '09:50', '10:00', 36041695, 36045648, 36045084, 36045655, 36042200, 36045666, 36035812, 36043852, 36045680, 36043899, 36036109, 36045641, 36042444, 36045677, 33146303, 36045443, 32120653, 36045401, 36045616, 36043698, 36045556, 36043577, 36043068]
['all', '09:50', '10:00', 36045587, 36045333, 36045116, 36045690, 35871137, 36045594, 36039592, 36045475, 36045552, 36041695, 35977245, 36045496, 36045649, 36033107, 36041938, 36044565, 36045148, 36045306, 36045689, 36045442, 36045667, 36045688, 36045671, 36045687, 36045311, 36045624, 33583990, 36043309, 36042074, 36044055, 36044813, 36045087, 36043391, 36045349, 36044191, 36038089, 36045646, 36045520, 36045686, 36045648, 36045084, 36042739, 36045456, 36044408, 36040051, 36045545, 36044151, 36045536, 36042459, 36044600, 36040105, 36045664, 36045285, 36044012, 36045683, 36038171, 36044030, 36045600, 36044080, 31020131, 36045658, 36045628, 36042698, 36040502, 36045384, 36045663, 36044180, 36045655, 36044729, 36044943, 36045684, 36045220, 36044722, 36043665, 36042200, 36045666, 36035812, 36044162, 36045321, 36038228, 36042933, 36014752, 36045459, 36045619, 36042081, 36044221, 36041612, 36044735, 36045331, 36045460, 36045621, 36045682, 36043431, 36043282, 36045681, 36043852, 36018808, 36045680, 36045530, 36045056, 36045675, 36045564, 36045679, 36042968, 36044784, 36043899, 36045424, 36045650, 36045497, 36045283, 36043737, 36033392, 36044907, 36045597, 36045348, 36036109, 36044659, 36043292, 36044710, 36045641, 36045403, 36041924, 36042444, 36039577, 36045677, 36044995, 36044897, 36045342, 36045593, 36043226, 36044636, 36044920, 36029138, 36045472, 36045676, 36045493, 36045647, 36044451, 36045674, 36045577, 33146303, 36044419, 36031112, 36043154, 36044965, 36045047, 36043846, 36045673, 36026974, 36044154, 36044972, 36045672, 36045668, 36043641, 36044049, 36043027, 36045507, 36045517, 36044174, 36045555, 36041432, 36019912, 36044971, 36042530, 36045443, 36044446, 35967733, 36044165, 36044582, 36045670, 36017742, 36045253, 32120653, 36041337, 36045529, 36023238, 36043705, 36033369, 36040329, 36044514, 36043521, 36019484, 36042970, 36041383, 36022011, 35695786, 36045193, 36040236, 36045051, 36045401, 36043903, 36041956, 36044443, 36044976, 36045637, 36045657, 36044936, 36041352, 36045616, 36043698, 36044793, 36042443, 36045623, 36045669, 36044658, 36043107, 36045404, 36042522, 36044605, 36042817, 36025633, 36041253, 36041666, 36044810, 31299746, 36043302, 36045386, 36045399, 36045556, 36022972, 36041844, 36044645, 36009783, 36045531, 36045611, 36045584, 36043462, 36043577, 36045633, 36045638, 36045665, 36043619, 36043068, 36044244, 36043586, 36042304, 36044211, 36043455]
['ratchada', '09:50', '10:00', 36033107, 36045689, 36045442, 36045624, 36044408, 36044600, 36045285, 36044180, 36044722, 36043665, 36045331, 36043282, 36043737, 36044897, 36045577, 36043154, 36045047, 36043846, 36045507, 36044446, 36045253, 36044936, 36044244, 36043586]
['rajdumnern', '09:50', '10:00', 36042074, 36043226, 36044451, 36044049, 36043705, 36043462]
['isolate', '09:50', '10:00', 36045688, 36045684, 36044162, 36019912, 36044976, 36045669]
['social', '09:50', '10:00', 36045148, 36045671, 36045349, 36045456, 36040051, 36040105, 36044080, 31020131, 36014752, 36045459, 36044735, 36045056, 36045593, 36045472, 36044049, 36043027, 36045507, 36045555, 32120653, 36040329, 35695786, 36041956, 36045657, 36045531, 36043462, 36043586]
['religious', '09:50', '10:00', 36045496, 36042459, 36045679, 36045342, 36045593, 36045676, 36040236, 36045531, 36045584]
['supachalasai', '09:50', '10:00', 36045116, 36044565, 36043309, 36045646, 36045621, 36043431, 36045530, 36042968, 36045650, 36045283, 36044419, 36044972, 36044165, 36045623, 36045633, 36044211]
['siam', '09:50', '10:00', 35977245, 36045148, 36045667, 36045456, 36044151, 36044012, 31020131, 36045459, 36044735, 36033392, 36044920, 36045668, 35695786, 36043107, 36041253, 36025633, 36041844, 36045531]
['lumpini', '09:50', '10:00', 36045671, 36043309, 36044784, 36044907, 36045657, 36044793]
['sinthorn', '09:50', '10:00', 36045475, 36045520, 36045600, 36045460, 36044784, 36045348, 36044897, 36044154, 36045672, 36045517, 36044971, 32120653, 36040236, 36043903, 31299746, 36045386, 36022972, 36044645, 36045611, 36043462]
['silom', '09:50', '10:00', 36045087, 36045686, 36044151, 36044080, 36045628, 36040502, 36045384, 36045597, 36044897, 36045529, 36040236]
['wahkor', '09:50', '10:00', 36045116, 36045552, 36045686, 36045545, 36045663, 36045682, 36044710, 36045403, 36045577, 36025633]
['library', '09:50', '10:00', 36045552, 33583990, 36045681, 36044710, 36045403, 36031112, 36044972, 36023238, 36042443]
['art', '09:50', '10:00']
