['food', '21:50', '22:00', 36046829, 36032921, 36044196, 36039449, 36047916, 35750280, 36027851, 36045963, 36034094]
['greenzone', '21:50', '22:00', 36047699, 36045593]
['camera', '21:50', '22:00', 36044929, 36048010, 36047974, 36047917, 36047925, 36047212]
['cartoon', '21:50', '22:00', 36046047, 35817612, 36047781, 36044030]
['gallery', '21:50', '22:00', 36044929, 36047823, 36047917, 36047925]
['klaibann', '21:50', '22:00', 36046829, 36044325, 36047863, 36047484, 36048001, 35821750]
['jatujak', '21:50', '22:00', 36045333, 36047699, 35818003, 36047995, 35812069, 36046977, 36042811]
['chalermkrung', '21:50', '22:00', 36043213, 36047569, 36047978, 36047561, 36047818, 36045962, 36047840, 36047511, 36047557, 36047525, 36047991, 36048020, 36046071, 36046264, 36047120, 36044892, 36047178]
['chalermthai', '21:50', '22:00', 36048036, 35817612, 35816915, 35816837, 35816385, 36046672, 35820961, 36046112, 36047567, 36041666, 36048004]
['family', '21:50', '22:00', 36046342, 36047976, 36047899, 36044568, 36048026, 36042858, 36045018, 36044038, 35820961, 36041608, 36047778, 36047228, 35832331, 36037153, 35837706]
['home', '21:50', '22:00', 36047699, 36047816, 36041839, 36035463, 36047916, 36045535, 35813092, 36046977, 35827817, 35826221, 35826824, 35822850, 35818043, 35815111, 36046287, 36047425, 36047111]
['siliconvalley', '21:50', '22:00', 36048039, 36048040, 36048038, 32998418, 36047949, 36047773, 36048025, 36047636, 36047871, 36047510, 36048019, 36047914, 36047417, 36026641, 36048015, 36048014, 36046580, 36048007, 36047423, 36045722, 36048002, 36037153]
['beauty', '21:50', '22:00', 36031305, 36047839, 36041866, 35887341, 36047370, 35818110, 36048026, 36046319, 36047825, 36047778, 36045640, 36042811]
['writer', '21:50', '22:00', 36047922, 36043882]
['blueplanet', '21:50', '22:00', 36044929, 36047823, 36044196, 36044818, 36045987, 36047453, 36022458, 35820234, 36047849, 36048001, 36047917, 35821750, 36043826, 36048022, 36047365, 36047925, 36032099, 35998723, 36048018, 36043495, 36046431, 36047998]
['tvshow', '21:50', '22:00', 36047435, 36046995, 36047978, 36047957, 36046627, 36046219, 36044936, 36047835, 36047885, 36046590, 36047399, 36047922, 35969450, 36046672, 36044337, 36047815, 36044579, 36047294, 35989216, 36044877, 36047900, 36044768, 35887452, 36047138, 36047120, 35967733, 36047690, 36039937, 36047997, 36045044]
['bangrak', '21:50', '22:00', 35817063, 36047980, 35816381, 35816166, 36047838, 36026746, 36043043, 35817270, 36048037, 35817574, 35817872, 35887341, 35818135, 35977245, 36047317, 35818110, 35820064, 36047984, 35819025, 35818476, 36048011, 36044188, 36047989, 35818003, 36044038, 36047918, 36047430, 36047908, 36041608, 36047979, 36045105, 36047967, 36047890, 36047620, 33956391, 36047628, 35832089, 35832828, 36047506, 36047785, 35835490, 35836458, 35836952, 35836886, 36047727, 36044905, 35837706, 35837514, 35838223]
['horoscope', '21:50', '22:00', 36047639, 36047196, 36047364, 36047832]
['pantip', '21:50', '22:00', 36046995]
['region', '21:50', '22:00', 36046838, 36044196, 36048028, 36047849, 36047821, 36047917, 36048022, 36047667, 35826221, 36043495, 36047148]
['mbk', '21:50', '22:00', 36046694, 36048039, 36046090, 36047183, 36046967, 36048019, 36047373, 36048015, 36047532, 36047912, 36037153, 36047971]
['all', '21:50', '22:00', 35817063, 36043213, 36045758, 36047980, 36045333, 36046829, 36044929, 36048043, 36044325, 36046694, 36046047, 35816381, 36047435, 36045371, 36046995, 36047569, 35816166, 36047978, 36048042, 36048041, 36048040, 36047838, 36048039, 36026746, 36048038, 36047957, 36031305, 36043043, 36047839, 35817270, 36046090, 32998418, 36047183, 36046838, 36047639, 36048037, 36047947, 36048006, 35817574, 36046627, 36047823, 36047699, 36047816, 36047994, 36046219, 36032921, 35817872, 36041839, 36048029, 36044936, 36047087, 36046342, 36047976, 36048036, 35817612, 36048035, 36047949, 36041866, 36044614, 36044196, 36047773, 36047561, 36047818, 36044818, 35816915, 36047196, 36043737, 36048034, 36048033, 36047835, 36047955, 36047223, 36048032, 35816837, 36047885, 36046967, 35887341, 36048012, 36047421, 36035463, 36046637, 35816385, 36046590, 36047370, 36045987, 36047899, 36039449, 36047895, 36048031, 36047453, 36047564, 36048030, 35818135, 36045962, 36047671, 36047840, 36047317, 36047484, 35977245, 36041495, 36042920, 36047635, 35818917, 36044568, 36048025, 36047764, 36045348, 35818110, 36048028, 36047636, 36047399, 36047922, 36047403, 35820064, 36047916, 36048013, 36047984, 36048027, 35819025, 36048026, 36042858, 36047820, 36047604, 35969450, 36046672, 35818476, 36047777, 36047364, 36047871, 36045018, 36047781, 36048010, 36044337, 36047649, 36022458, 36047510, 35820234, 36048011, 36047974, 36047849, 36044121, 36044188, 36047989, 35818003, 36026969, 36046815, 36047511, 36044038, 36048024, 36047557, 36047815, 36048001, 35820961, 36045646, 36047918, 36047821, 36042592, 36047525, 36047991, 36044579, 36047378, 36047917, 35821750, 36047294, 36047430, 36043826, 36048023, 36046811, 36047629, 35822042, 36044966, 36045956, 36047496, 36047908, 35989216, 31367671, 36046633, 36048022, 35750280, 36047995, 36046927, 36047365, 36046112, 36047567, 36044877, 36041608, 35825388, 36047667, 36047925, 36047979, 36045535, 36047900, 35812069, 36047943, 36048021, 36048020, 36047633, 36045920, 36048019, 36032099, 36046071, 36047914, 35998723, 35813092, 36047563, 36046977, 36044768, 35827817, 36047417, 36047373, 36047212, 35826221, 36026641, 36047960, 36045105, 36046738, 36047987, 35826824, 36048018, 36045305, 36048017, 36046319, 36046812, 36046264, 36047967, 35822850, 36048016, 36048015, 36047044, 36048014, 36047890, 35818043, 35887452, 36047138, 36047620, 35815111, 36043495, 36045057, 36043882, 33326942, 35831374, 36041666, 33956391, 36044030, 36047628, 35832089, 33212602, 36047999, 36047825, 36047120, 36047778, 36046580, 35832828, 36047532, 36048009, 35967733, 36047506, 36047627, 36048008, 35833484, 36044892, 36048004, 36047020, 36047607, 32939836, 36027851, 36046287, 36047785, 35835490, 36048007, 36047423, 36047148, 35992755, 36048005, 36047425, 35836458, 36046157, 36045963, 34647730, 35836952, 36048003, 36047832, 36046431, 36047912, 36045722, 36045640, 35836886, 36048002, 36034094, 36047727, 36047111, 35836815, 36047228, 36048000, 36042811, 36045593, 36044905, 35832331, 36037153, 36047690, 36047988, 36047614, 36039937, 35837706, 36047998, 36046652, 36045199, 35837514, 32699529, 36046144, 35838223, 36045095, 36046558, 36047178, 36047997, 36047971, 36045044]
['ratchada', '21:50', '22:00', 36046838, 35817574, 36044936, 36047087, 36043737, 36046637, 36048031, 36047635, 35820234, 36046815, 36044038, 36047821, 36042592, 35821750, 36044966, 36047365, 36047925, 36045920, 36047212, 36048017, 36046812, 36048016, 36047627, 34647730, 36048003, 36046431, 36048000, 36045199]
['rajdumnern', '21:50', '22:00', 36047223, 36048012, 36047671, 36047496, 36047044, 36046157, 36047614]
['isolate', '21:50', '22:00', 36048043, 36048042, 36048041, 36047764, 36047403, 36048024, 35825388, 36048021, 36047563, 36046738, 36047987, 36045057, 36048008]
['social', '21:50', '22:00', 35817063, 36045758, 36044325, 36031305, 36047087, 35817612, 36041866, 36044196, 36048033, 36048032, 36047370, 36047899, 36047895, 36047484, 36047635, 36042858, 35820234, 35818003, 36026969, 35822042, 35750280, 35812069, 36047943, 36046977, 35826221, 36048016, 35815111, 36043882, 35831374, 36047778, 36046580, 35833484, 32939836, 36046157, 36045963, 35836815, 36048000, 36042811, 35832331, 35837706, 35837514, 35838223]
['religious', '21:50', '22:00', 36047899, 36042920, 36046811, 35812069, 36047999, 36045593]
['supachalasai', '21:50', '22:00', 36048029, 35887341, 36047564, 36041495, 36048027, 36047820, 36047777, 36045646, 36047378, 36047629, 36046633, 36047633, 36047825, 36048009, 36047020, 36046144, 36046558]
['siam', '21:50', '22:00', 35817063, 36047980, 35816381, 36045371, 36047838, 36026746, 36031305, 36048006, 36048037, 35817574, 35817612, 35887341, 36047421, 36048030, 35818135, 35977245, 36047317, 35818110, 36048028, 35820064, 36047984, 36048026, 36048011, 36044188, 36047430, 36047908, 31367671, 36041608, 36047943, 36045105, 36047967, 36047890, 36047620, 33956391, 36047628, 36047120, 36047778, 36047506, 35833484, 36047785, 36047148, 35992755, 35836952, 35838223]
['lumpini', '21:50', '22:00', 36045758, 36046829, 36047994, 36041866, 36044614, 35887341, 36047370, 36044568, 36047820, 36044121, 36047629, 36048020, 36046319, 36043882, 33326942, 36047825, 36045095]
['sinthorn', '21:50', '22:00', 36045758, 36047947, 36048034, 36047955, 36047421, 36045348, 36048013, 36047649, 36042592, 35822042, 36046927, 35822850, 36047044, 35818043, 32939836, 36048005, 36047111, 36047988, 36046652, 32699529]
['silom', '21:50', '22:00', 36048035, 36048032, 36047484, 35818917, 36048013, 36026969, 35822042, 36032099, 35826824, 35822850, 35831374, 33212602, 36048009, 32939836, 36047607, 36048005, 36048003, 36047912]
['wahkor', '21:50', '22:00', 36044929, 32998418, 36032921, 36047604, 36045956, 36047995, 36032099, 36045305, 32939836, 36046287, 36042811, 36047614]
['library', '21:50', '22:00', 36046995, 36048006, 36048030, 36048028, 36047922, 36042858, 35821750, 36048023, 36047960, 36045305, 36043882]
['art', '21:50', '22:00']
