['food', '08:40', '08:50', 36047418, 36048144, 36046463, 36045710, 36046829, 36048868, 36044581, 36044788]
['greenzone', '08:40', '08:50']
['camera', '08:40', '08:50', 36048878, 36048732, 36047347, 36048592, 33497690]
['cartoon', '08:40', '08:50', 36048277, 36044030, 36046191]
['gallery', '08:40', '08:50', 36048878]
['klaibann', '08:40', '08:50', 36048597, 36048880, 36048721, 36047000, 36046829, 36048866, 36048565, 36048864]
['jatujak', '08:40', '08:50', 36048681]
['chalermkrung', '08:40', '08:50', 36046702, 36048062, 36048845, 36047978, 36047511, 36048675, 36047618, 36046962]
['chalermthai', '08:40', '08:50', 36043720, 36048061, 36041666]
['family', '08:40', '08:50', 36048368, 36044038, 36048130, 36048733, 36048750, 36045018, 36048278, 33344087, 36044788, 36044080]
['home', '08:40', '08:50', 36047425, 36045573, 36048719, 36047200, 36048769]
['siliconvalley', '08:40', '08:50', 36048393, 36048370, 36048277, 36047200, 36047647, 36048757, 36048190, 36048725, 36046191, 36048753, 36048833]
['beauty', '08:40', '08:50', 36048457, 36048877, 36048283, 36048796, 36048235, 36044457, 36047951, 36041500, 36048845, 30996719]
['writer', '08:40', '08:50']
['blueplanet', '08:40', '08:50', 36047385, 36043975, 36048880, 36045710, 36048858, 36045587, 36044140, 36039189, 36048874, 36047300, 36047000, 36048864, 36046762, 36039661]
['tvshow', '08:40', '08:50', 36048641, 36048074, 36039189, 36048255, 36042490, 36046219, 36048258, 36047294, 36048845, 36047978, 36043871, 36043720, 36047444, 36048848, 36047876, 36048736, 36048061, 36046238]
['bangrak', '08:40', '08:50', 36047575, 36048867, 36048599, 36048523, 36047582, 36044038, 36048519, 36048869, 36047838, 36038570, 36048278, 36046868, 36048536, 36048565, 36026256]
['horoscope', '08:40', '08:50', 36048867, 36043268, 36048670, 36048870, 36048871, 36048580, 36048448]
['pantip', '08:40', '08:50', 36048850]
['region', '08:40', '08:50', 36043975, 36048858, 36044140, 36047148, 36045494]
['mbk', '08:40', '08:50', 36048780, 36047822, 36048812, 36047694, 36048875, 36048277, 36048872, 36048846, 36048856, 36047647, 36046530, 36048421, 36048725]
['all', '08:40', '08:50', 36046404, 36047575, 36047425, 36048641, 36048597, 36047385, 36047418, 36043975, 36048780, 36048867, 36048880, 36045573, 36048457, 36046702, 36047822, 36048668, 36048860, 36048741, 36048144, 36048791, 36048879, 36048168, 36048878, 36046463, 36048210, 36048877, 36048834, 36048283, 36048393, 36048796, 36048074, 36048235, 36044457, 36045710, 36048800, 36048836, 36048732, 36048599, 36048858, 36048804, 36047420, 36048723, 36048734, 36048370, 36043268, 36047951, 36045587, 36048523, 36047637, 36048812, 36048670, 36048854, 36048719, 36048770, 36048062, 36047582, 36047694, 36048870, 36044140, 36048875, 36039189, 36048277, 36048255, 36048874, 36044038, 36040998, 36048650, 36048873, 36047883, 36048821, 36042490, 36048872, 36046219, 36048258, 36048699, 36047294, 36048721, 36048871, 36048130, 36048846, 36048820, 36041500, 36048845, 36048824, 36048519, 36048856, 36047300, 36047000, 30996719, 36047692, 36046829, 36041356, 36048708, 36048793, 36048692, 36047978, 36035796, 36044030, 36047511, 36048866, 36048869, 36048868, 36048733, 36048681, 36047200, 36045758, 33866268, 36047347, 36047838, 36043871, 36048087, 36045911, 36048292, 36048580, 36043720, 36048545, 36048161, 36047444, 36047952, 36048787, 36044283, 36020101, 36038570, 36046579, 36047647, 36048675, 36048848, 36048750, 36048766, 36048592, 36048797, 36047148, 36048707, 36046530, 36044581, 36045018, 36048278, 36046868, 36047876, 33344087, 36046815, 36048817, 36048757, 36045346, 36048051, 36044788, 36048736, 36048865, 36044080, 36048536, 36048565, 36048061, 36048190, 36048553, 30694588, 33497690, 36048366, 36041666, 36046472, 36048807, 36048864, 36045494, 36047820, 36048850, 36046762, 36047618, 36048724, 36046238, 36048421, 36048863, 36048448, 36048570, 36048725, 36048816, 36048769, 36046191, 36046962, 36026256, 36048753, 36048651, 36042849, 36039661, 36048861, 36048833]
['ratchada', '08:40', '08:50', 36047575, 36048791, 36048858, 36048854, 36044038, 36040998, 36047692, 36035796, 33866268, 36048292, 36048545, 36047952, 36020101, 36046579, 36046815, 36045494, 36042849]
['rajdumnern', '08:40', '08:50', 36048834, 36047420, 36048770, 36048087, 36045911]
['isolate', '08:40', '08:50', 36048793]
['social', '08:40', '08:50', 36047575, 36048668, 36048210, 36048523, 36039189, 36048873, 36048872, 36048692, 36045758, 36048292, 36038570, 36048278, 36048865, 36048536, 36048448]
['religious', '08:40', '08:50', 36048871, 36044283, 36039661]
['supachalasai', '08:40', '08:50', 36046404, 36048741, 36048879, 36048800, 36048836, 36048804, 36047637, 36048650, 36048821, 36048820, 36048824, 30996719, 36048708, 36048807, 36047820, 36048724, 36048651]
['siam', '08:40', '08:50', 36048599, 36048734, 36047582, 36048870, 36048873, 36048519, 36048869, 36047838, 36048161, 36047148, 36048536, 36048553, 36026256]
['lumpini', '08:40', '08:50', 36048796, 36047883, 30996719, 36046829, 36045758, 36038570, 36044581, 36048278, 36048051, 30694588, 36046472, 36047820]
['sinthorn', '08:40', '08:50', 36045573, 36048860, 36048791, 36048168, 36048723, 36048523, 36048719, 36048699, 36048130, 36041356, 36045758, 36048292, 36048787, 36046579, 36047647, 36048707, 36048817, 36048816]
['silom', '08:40', '08:50', 36047420, 36048523, 36048719, 36039189, 36048721, 36041356, 36048292, 36048766, 36046868, 36046472, 36048570, 36048861]
['wahkor', '08:40', '08:50', 36048875, 36048292, 36048797, 36048051, 36048366, 36048863]
['library', '08:40', '08:50', 36043975, 36048873, 36048845, 36048519, 36048866, 36045346, 36048565, 36048553]
['art', '08:40', '08:50']
