['food', '13:40', '13:50', 32543763, 36045731, 36045710, 36046363, 36037087, 36042646]
['greenzone', '13:40', '13:50', 36046287]
['camera', '13:40', '13:50', 36040862, 36046234, 36045141]
['cartoon', '13:40', '13:50', 36045898, 36040862, 36046357, 36046318, 36044030]
['gallery', '13:40', '13:50', 36046126, 36046081, 36026130, 32515722, 35976814, 36045141, 36026433]
['klaibann', '13:40', '13:50', 36046315, 36046108]
['jatujak', '13:40', '13:50', 36045853, 36045333, 34292743, 35993878, 36044605]
['chalermkrung', '13:40', '13:50', 36025556, 36046007, 36046071, 35970937, 36046015, 36045518]
['chalermthai', '13:40', '13:50', 36045898, 36041666, 36046308, 36045229, 36046193]
['family', '13:40', '13:50', 36045018, 36046369, 36041432, 36014752, 36045597, 36046303, 36046245, 36045830, 36046189, 36044038, 36041849, 36045671]
['home', '13:40', '13:50', 36041537, 36045597, 34292743, 36044185, 36045204, 36037087, 36045897, 36041991]
['siliconvalley', '13:40', '13:50', 36046287, 36045770, 36044947, 36044445, 36045149, 36043863, 36046090, 36045848, 36046292, 36046038, 36046356, 36045742, 36046323, 34965896, 36045664, 36046232, 36046293, 36044030]
['beauty', '13:40', '13:50', 36045222, 31938605, 36046319, 36038452, 36025556, 36046189, 36045073, 36041306, 36044876, 36044151, 36042300]
['writer', '13:40', '13:50']
['blueplanet', '13:40', '13:50', 36046126, 36045700, 36046370, 36046218, 36046315, 36046081, 36046303, 36044236, 36046355, 36045710, 36032785, 36046108, 36045830, 36045726, 36046360, 32515722, 36045614, 36044299, 35976814, 36046341, 36026433, 35980614]
['tvshow', '13:40', '13:50', 36044505, 36046362, 36044169, 36040354, 36045922, 36044650, 36044042, 36045044, 36046146, 36044622, 36046016, 36041306, 36044836, 36044758, 36044858, 35970937, 36044877, 36043875]
['bangrak', '13:40', '13:50', 36046160, 36046371, 36046152, 36046179, 36045579, 36043107, 36045105, 36046188, 36041432, 36045085, 36046198, 36046314, 36044188, 36046339, 36045696, 36046245, 36046364, 36045851, 36046270, 36046027, 36045971, 36046348, 36044375, 36044038, 36044926, 36046277, 36045671, 36046346, 36046329]
['horoscope', '13:40', '13:50', 36045929, 36046340, 36046355, 36046341, 36023738, 36015657]
['pantip', '13:40', '13:50', 31209409, 30009714]
['region', '13:40', '13:50', 36046081, 36044236, 36046360]
['mbk', '13:40', '13:50', 36045677, 36045770, 36046349, 36042758, 36026130, 36044445, 36046008, 36046090, 36045010, 36046291, 36045890, 36046038, 36046332, 36046356, 36045534, 36045995, 35982703, 36046274]
['all', '13:40', '13:50', 31209409, 36046160, 36046371, 36046126, 36044493, 36045885, 36045189, 36044505, 36045700, 36046370, 36046152, 36046265, 36045018, 36046179, 36045929, 36045579, 32543763, 36043342, 36046369, 36046340, 36046366, 36042574, 36046218, 36046317, 36046040, 36046315, 36043107, 36045677, 36045105, 36046362, 36046188, 36041432, 36045085, 36045842, 36045853, 36014752, 36045222, 36043443, 36045333, 31938605, 36046287, 36046006, 36044169, 36046081, 36045597, 36046290, 36045770, 36046319, 36046157, 36046303, 36046198, 36045898, 31454545, 36046368, 36046367, 36045530, 36044236, 36045453, 36045731, 36046349, 36046253, 36046314, 36045746, 36046355, 36044188, 36046339, 36035058, 36044947, 36042758, 36045696, 36029695, 36040354, 36044650, 36045922, 36046365, 36045445, 36046258, 36040862, 36045710, 36046048, 36026130, 36040502, 30009714, 36044983, 36046245, 36044445, 36045149, 36046008, 36045331, 36044042, 36046364, 36045945, 36045851, 36032785, 36045044, 36043863, 36046270, 36046146, 36046363, 36038452, 36045288, 36045717, 36046090, 36041666, 36046108, 36025556, 36045879, 36046361, 36045830, 36045010, 36045726, 36046360, 32515722, 36044104, 36045305, 36045911, 36040596, 36046189, 36045848, 36045614, 36046292, 36045073, 36044299, 35976814, 36044622, 36045802, 36046007, 34292743, 36046016, 36041306, 36046291, 35994473, 36046216, 36046034, 36046027, 36029762, 36046071, 36046014, 36044185, 36046234, 36045204, 36037087, 36045897, 36044722, 36045544, 36044836, 36044758, 36045890, 36044876, 36046359, 36046308, 36046358, 36045923, 36045971, 36044858, 36046348, 36046357, 36045863, 36044375, 36046341, 36046038, 36046332, 36045829, 36046356, 32877096, 36045742, 36046323, 36045141, 36044038, 35993878, 35970937, 36046015, 36045534, 36023738, 36045229, 36045082, 36044926, 36046318, 36045518, 36045698, 36046277, 36044877, 36041849, 34965896, 36046302, 36045671, 36045995, 36046346, 36046000, 36015657, 36045925, 36044151, 36038908, 36042300, 36045346, 36046353, 35982703, 36041963, 36041991, 36045664, 36046232, 36043875, 36027000, 36046259, 36042646, 36046193, 36040627, 36046293, 36046175, 36030118, 36044030, 36046329, 36026433, 36044605, 36046274, 35980614, 36040009, 36042932]
['ratchada', '13:40', '13:50', 36029695, 36046258, 36045331, 36045288, 36045717, 36046108, 36046360, 36044104, 35976814, 35994473, 36029762, 36044722, 36046359, 36044038, 36046302, 36041963, 36027000, 36046175, 36030118]
['rajdumnern', '13:40', '13:50', 36046157, 36045746, 36045911, 36045698, 36046000]
['isolate', '13:40', '13:50', 36046368, 36046365]
['social', '13:40', '13:50', 36045885, 36014752, 36046157, 36046314, 36046339, 36035058, 36046258, 36044983, 36046008, 36046364, 36045945, 36045848, 36046034, 36045897, 36045829, 36044926, 36045518, 34965896, 36042646]
['religious', '13:40', '13:50', 36045885, 36045929, 36046040, 36040009]
['supachalasai', '13:40', '13:50', 36044493, 36046366, 36045842, 36046006, 36045530, 36046367, 36029695, 36046361, 36029762, 36046014, 36045544, 32877096, 36038908, 36046175, 36030118]
['siam', '13:40', '13:50', 36046152, 36046179, 36043107, 36045105, 36046198, 36046355, 36044188, 36046291, 36045544, 36046348, 36046341, 36045082, 36044926, 36046277, 36046346, 36040627, 36046329]
['lumpini', '13:40', '13:50', 36045189, 36046179, 36046317, 31938605, 36046319, 36046367, 36045445, 36044983, 36046364, 36045945, 36045073, 36046216, 36045923, 36045971, 32877096, 36040627, 36042932]
['sinthorn', '13:40', '13:50', 36045700, 36046265, 36046317, 36046315, 36046290, 36046303, 36045453, 36045731, 36046253, 36035058, 36045879, 36045802, 36045204, 36046358, 36045863, 36046353, 36027000, 36046259]
['silom', '13:40', '13:50', 36046265, 36043342, 36046369, 36046317, 36043443, 36045597, 36046303, 36045453, 36045731, 36040502, 36040596, 36046216, 36045518, 36042646]
['wahkor', '13:40', '13:50', 36042574, 36046287, 36046048, 36045305, 36045698]
['library', '13:40', '13:50', 36045453, 36025556, 36045305, 36046318, 36045925, 36045346, 36040627]
['art', '13:40', '13:50', 31454545]
