['food', '07:40', '07:50', 36046829, 36048776, 36042466, 36037087, 36030334]
['greenzone', '07:40', '07:50']
['camera', '07:40', '07:50', 36047889, 36048535, 36048513, 36048704]
['cartoon', '07:40', '07:50', 36038420, 36045208, 36048768]
['gallery', '07:40', '07:50', 36048535]
['klaibann', '07:40', '07:50', 36046829, 36047334, 36048721, 36047396, 36047000]
['jatujak', '07:40', '07:50', 36048681, 36044227]
['chalermkrung', '07:40', '07:50', 36047840, 36047991, 36048485, 36038749, 36047569, 36040207]
['chalermthai', '07:40', '07:50', 36004889, 36048317, 36045208]
['family', '07:40', '07:50', 36047800, 36048556, 36041432, 36044080]
['home', '07:40', '07:50', 36048778, 36044185, 36048342, 36037087, 36048769, 36042698]
['siliconvalley', '07:40', '07:50', 36048771, 36044445, 36045981]
['beauty', '07:40', '07:50', 36047878, 36048704]
['writer', '07:40', '07:50', 36048777, 36048468, 36048767]
['blueplanet', '07:40', '07:50', 36047741, 36037732, 36048053, 36048219, 36044227, 36047000, 36043803, 36047849, 36046683]
['tvshow', '07:40', '07:50', 36048400, 36048641, 36048258, 36048485, 36048736, 36048399, 36036971]
['bangrak', '07:40', '07:50', 36048505, 36048735, 36031582, 36047984, 36048523, 36041432, 36045455, 36045328, 36043107]
['horoscope', '07:40', '07:50', 36048670, 36038670, 36047364]
['pantip', '07:40', '07:50']
['region', '07:40', '07:50', 36037732, 36044227, 36047849, 36048361]
['mbk', '07:40', '07:50', 36044445, 35989091, 36046864, 36048325, 36048755, 36048562, 36048686, 36048714]
['all', '07:40', '07:50', 36048777, 36048778, 36048468, 36048505, 36047840, 36048772, 36046829, 36048776, 36048400, 36048723, 36048420, 36048670, 36048681, 36047334, 36048662, 36048775, 36047800, 36046359, 36048556, 36042466, 36044329, 36048673, 36048735, 36004889, 36031582, 36048641, 36047312, 36048696, 36047984, 36048741, 36048079, 36048523, 36048258, 36048646, 36048721, 36048771, 36048774, 36048210, 36044185, 36047301, 36040502, 36044445, 36047991, 36048560, 36047633, 36041432, 36047741, 36048317, 36048593, 36047689, 36048761, 36048342, 36045455, 36038420, 36045643, 36037732, 36037087, 36048651, 36048707, 36048653, 36048053, 35949762, 36048485, 36048632, 36048773, 35989091, 36038332, 36048736, 36047889, 36048652, 36048132, 36030334, 36048219, 36047087, 36038670, 36048234, 36048087, 36038749, 36047672, 36048535, 36047878, 36048205, 36044227, 36046628, 36047656, 36047396, 36048513, 36048728, 36046864, 36048325, 36045328, 36048770, 36045944, 36048734, 36047364, 36046164, 36048694, 36045208, 36047000, 36048569, 36048704, 36043803, 36048769, 36048768, 36045305, 36043107, 36047569, 36048399, 36036971, 36048184, 36048187, 36045981, 36048724, 36047441, 36048755, 36044080, 36047849, 36048562, 36048361, 36048767, 36048686, 36045789, 36040207, 36047523, 36021417, 36048766, 36048760, 36042698, 36048714, 36046683, 36046614, 36046048, 36040639]
['ratchada', '07:40', '07:50', 36046359, 36048556, 36037732, 36038332, 36047087, 36048234, 36048361, 36040639]
['rajdumnern', '07:40', '07:50', 36047312, 36048774, 36048132, 36048087, 36046628, 36048770, 36046164, 36047441]
['isolate', '07:40', '07:50', 36048079, 36045944]
['social', '07:40', '07:50', 36048775, 36048523, 36048210, 36047087, 36046628, 36048686, 36040639]
['religious', '07:40', '07:50', 36048774, 36048560, 36045789]
['supachalasai', '07:40', '07:50', 36048772, 36048420, 36048662, 36048556, 36048696, 36048741, 36048646, 36047301, 36047633, 36048593, 36048651, 36048653, 36048632, 36048652, 36048728, 36048569, 36048184, 36048724]
['siam', '07:40', '07:50', 36048735, 36031582, 36038670, 36048734, 36048704, 36043107, 36048361]
['lumpini', '07:40', '07:50', 36046829, 36044329, 36048704]
['sinthorn', '07:40', '07:50', 36048505, 36048723, 36048775, 36048673, 36048523, 36048761, 36045643, 36048707, 35949762, 36048132, 36047672, 36047656, 36048694, 36048187, 36047523]
['silom', '07:40', '07:50', 36048523, 36048721, 36040502, 36048773, 36048132, 36045981, 36048766]
['wahkor', '07:40', '07:50', 36044329, 36047689, 36048205, 36045305, 36021417, 36048760, 36046614, 36046048]
['library', '07:40', '07:50', 36048468, 36047689, 36048768, 36045305, 36048767, 36021417, 36048760]
['art', '07:40', '07:50']
