['food', '21:00', '21:10', 36047792, 36047789, 36035213, 36045625, 36045007, 36044581, 36045451, 36044788, 36047098, 36047728, 36046829, 36047216, 36044752, 36047791, 36047590]
['greenzone', '21:00', '21:10', 36047216, 36047751]
['camera', '21:00', '21:10', 36045547, 36047010, 36047801, 36047798]
['cartoon', '21:00', '21:10', 36047830, 36047527, 36047299, 36042590, 35420941, 36046047]
['gallery', '21:00', '21:10', 36043284, 36047823, 36047010, 36046679, 36045182, 36047751]
['klaibann', '21:00', '21:10', 36046737, 36046794, 36047810, 36046829, 36047568]
['jatujak', '21:00', '21:10', 36045333, 36045580, 36045311, 36046977, 36047520, 36047494]
['chalermkrung', '21:00', '21:10', 36047369, 36047818, 36047440, 36046410, 36047511, 35571494, 36047827, 36047337, 36047561, 36047569, 36046007, 36047787, 36047683, 36047167, 36047618, 36046071, 36047242]
['chalermthai', '21:00', '21:10', 36045363, 36043935, 36047808]
['family', '21:00', '21:10', 36047634, 36041693, 36047632, 36046902, 36047800, 36044788, 36046189, 36044080, 36047666, 36047493, 36044038, 36045018, 36047401, 36045671, 36047610, 36043920]
['home', '21:00', '21:10', 36042698, 36047816, 36047812, 36047192, 36041804, 36047216, 36046977, 36047751, 31457609, 36047568]
['siliconvalley', '21:00', '21:10', 36047171, 36047381, 36047763, 36047679, 36042545, 36046992, 30309629, 36047537, 36047794, 36047814, 36047647, 36020256, 30835183, 36047481, 36047599, 36046003, 36047230, 36047302, 36047475, 36039283, 36047759, 36045484]
['beauty', '21:00', '21:10', 36047110, 36045222, 36047783, 36047749, 36044151, 36047825, 36047819, 36047488, 36047799, 36047779, 36047797, 36047795, 36047370, 31567518, 36047788]
['writer', '21:00', '21:10', 36045767]
['blueplanet', '21:00', '21:10', 36047833, 36041253, 36043284, 36047823, 36039189, 36047821, 36047790, 36042777, 34718304, 36046794, 36047810, 36047808, 36046679, 36047077, 36045182, 36047520, 36047741]
['tvshow', '21:00', '21:10', 36047435, 36047805, 36038356, 36043731, 36047369, 36047634, 36047831, 36040354, 36046770, 35989216, 36039189, 36047560, 36040289, 36047573, 36047690, 36047815, 36043935, 36047808, 36047192, 36045044, 36047447, 36044936, 35887452, 36045922, 36047680, 36046823]
['bangrak', '21:00', '21:10', 36041650, 36047039, 36041693, 36047824, 36045105, 36047745, 36047400, 36047727, 36047553, 36040610, 35695786, 36047620, 36047800, 36047575, 36044608, 36044847, 36047715, 36047628, 36047809, 36043107, 35568961, 36043066, 36047721, 36045045, 36047804, 36047666, 36044582, 36047234, 36047716, 36047703, 36047465, 36044038, 36046061, 35420731, 36044920, 36045481, 36047597, 36047401, 36045671, 35802438, 36046474, 36043920, 36047129, 36047047, 36047785]
['horoscope', '21:00', '21:10', 36047832, 36039837, 36047639, 36047364, 36043521, 36046891, 36045630, 36038733]
['pantip', '21:00', '21:10']
['region', '21:00', '21:10', 36047821, 36046957, 36047791]
['mbk', '21:00', '21:10', 36046864, 36047373, 36047763, 36044770, 36045733, 36047532, 36047822, 36027449, 36047624, 36047647, 36046694, 36047802, 36046941, 36047183, 35882904, 36046003, 36047230, 36047475, 36047513]
['all', '21:00', '21:10', 35914665, 36047435, 36037521, 36047805, 36047110, 36047833, 36038356, 36045222, 36041650, 36047171, 36047354, 36046420, 36043731, 36047832, 36047369, 36047039, 36047792, 36046864, 36041253, 36039837, 36047634, 36047373, 36047470, 36041693, 36047639, 36047783, 36047824, 36045759, 36045105, 36044259, 36047831, 36047378, 36047818, 36033392, 36047830, 36043284, 36047440, 36047672, 36045333, 36040354, 36047364, 36047745, 36042698, 36047381, 36046410, 36047829, 36046737, 36047789, 36045363, 36046770, 36047511, 36047400, 36044770, 36047763, 36045733, 36047679, 35571494, 36035213, 36047775, 36044306, 36047813, 36046259, 36047828, 36047749, 36044151, 36047827, 36047727, 36047337, 35989216, 36045625, 36047553, 36045580, 36042545, 36040610, 36047826, 36047632, 36045842, 36047825, 36047527, 36045007, 36045371, 36047044, 36047472, 35695786, 36045123, 36047532, 36047201, 36047823, 36039189, 36045746, 36040646, 36047822, 31769663, 36045911, 36046992, 30309629, 36045547, 36047489, 36047561, 36047607, 36047807, 36047355, 36047223, 36047458, 36047569, 36046243, 36047821, 36027449, 36043521, 36047678, 36047537, 36040457, 36047790, 36047820, 36047560, 36044581, 36047819, 36046007, 36047787, 36047010, 36046902, 36047624, 36047817, 36040289, 36047620, 36047573, 36047488, 36045451, 36047612, 36046830, 36046957, 36047800, 36045621, 36042777, 36047683, 36045271, 36047690, 36047816, 36047815, 36045767, 36047132, 36047575, 36047574, 36044608, 36045311, 36044788, 36047794, 36044429, 36047814, 36044847, 36047715, 36046189, 36042745, 36047647, 36020629, 31746420, 36047628, 31143687, 34718304, 36047167, 36045348, 36044559, 36047202, 36047812, 36047811, 36043935, 36047649, 34520704, 36047810, 36046794, 36047809, 36043107, 36046891, 36047299, 35568961, 36047098, 36047808, 36045044, 36047192, 36043066, 36047721, 36030091, 36045045, 36044080, 36045943, 36047806, 36046679, 36047804, 36046694, 36047666, 36047728, 36044493, 36047803, 36044582, 36047802, 36047801, 36042590, 36041804, 33052919, 36047618, 36046071, 36046941, 36047420, 36047447, 36047234, 35997616, 36047716, 36046829, 36047077, 36044936, 36046727, 36047799, 36047493, 36047798, 36046820, 36047240, 35420941, 36046994, 36047216, 36046977, 36047609, 36047652, 36047142, 36020256, 30835183, 36045182, 36047751, 36047520, 36047481, 36047599, 36047703, 36047494, 36045630, 36047183, 36047465, 36047691, 35887452, 36044038, 36047779, 35882904, 36046061, 36047734, 31457609, 36047596, 36045018, 36046003, 35420731, 36047797, 36038733, 36044920, 36047242, 36047635, 36045481, 36047713, 36047230, 36047597, 34757503, 36045531, 36045922, 36046047, 36047401, 36047795, 36045671, 36047610, 36047680, 36044752, 36047793, 35802438, 36047302, 36047370, 36047791, 36047475, 36047621, 31567518, 36046823, 36047741, 36039283, 36046474, 36047513, 36047496, 36047788, 36047590, 36047568, 36047759, 36043920, 36045484, 36047129, 36034278, 36047786, 36047047, 36047785]
['ratchada', '21:00', '21:10', 36047833, 36044259, 36040646, 31769663, 36047489, 36047821, 36040457, 36047790, 36047817, 36042777, 36045271, 36047132, 36047575, 36044559, 36047077, 36044936, 36046820, 36044038, 36047635]
['rajdumnern', '21:00', '21:10', 36047044, 36045746, 36045911, 36047223, 36047812, 36047806, 36047420, 36047496]
['isolate', '21:00', '21:10', 35914665, 36037521, 36047829, 36047826, 36045123, 36047807, 36047612, 35997616, 36047793]
['social', '21:00', '21:10', 36041650, 36047832, 36047634, 36047783, 36047824, 36044770, 36047749, 36047632, 35695786, 36039189, 36046902, 36047800, 36047575, 36047794, 35568961, 36047666, 36046941, 36046820, 36047240, 36046977, 36047652, 36047465, 36047635, 36047713, 34757503, 36045531, 36047610, 36047370, 31567518, 36047047]
['religious', '21:00', '21:10', 36047355, 36047728, 36045531]
['supachalasai', '21:00', '21:10', 36047354, 36046420, 36045759, 36047378, 36046737, 36045842, 36047825, 36047201, 36047458, 36047820, 36046957, 36045621, 36044429, 31746420, 31143687, 36045943, 36044493, 36046727, 36046994, 36047609]
['siam', '21:00', '21:10', 36041253, 36039837, 36047470, 36047783, 36047824, 36045105, 36033392, 36047745, 36047789, 36047749, 36047553, 36045371, 35695786, 36047620, 36045451, 36047800, 36047794, 36047715, 36020629, 36047628, 36047811, 36047809, 36043107, 35568961, 36043066, 36047804, 36047666, 33052919, 36047234, 36047716, 36047465, 36047596, 35420731, 36047797, 36044920, 36045531, 35802438, 36046474, 36047129, 36047786, 36047785]
['lumpini', '21:00', '21:10', 36047110, 36047789, 36047825, 36045007, 36047820, 36044581, 36046902, 36047488, 36047574, 36047202, 36046829, 36047799, 36047240, 36047703, 36047779, 36046061, 36047797, 36047610, 36047370]
['sinthorn', '21:00', '21:10', 36047672, 36047813, 36046259, 36047632, 36047472, 36046243, 36047678, 36046830, 36042745, 36047647, 36045348, 36047649, 34520704, 36047691]
['silom', '21:00', '21:10', 36035213, 36047632, 36047472, 36039189, 36046992, 30309629, 36047607, 36047678, 36045451, 36042745, 36047809, 36030091, 36047803, 36047420, 36047240, 36047734, 36047568]
['wahkor', '21:00', '21:10', 36047110, 36047775, 36045580, 36040457, 36047202, 36047728, 33052919, 36047142, 36047494, 36045484, 36034278]
['library', '21:00', '21:10', 36043731, 36047634, 36047470, 36044306, 36047775, 36047828, 36047632, 36047678, 36020629, 33052919, 36047596, 36047621, 36047786]
['art', '21:00', '21:10', 36047799, 36047481]
