['food', '13:10', '13:20', 36046295, 36045155, 36046033, 36045963, 36043933, 36034095, 36042467, 36046271, 36042569]
['greenzone', '13:10', '13:20', 36046287]
['camera', '13:10', '13:20', 36045547, 36045970, 36046096, 36046234, 36046156, 36040860]
['cartoon', '13:10', '13:20', 36046113, 36038195, 36046047, 36046281, 31376829]
['gallery', '13:10', '13:20', 36046081, 36046126, 36040860]
['klaibann', '13:10', '13:20', 36045469, 36046266, 36046294, 36046033, 36044779, 36046267, 36046010, 36046241, 36046231]
['jatujak', '13:10', '13:20', 36040128, 36045905, 36035562, 36045853, 36045311]
['chalermkrung', '13:10', '13:20', 36042530, 36045777, 36046264, 36046071, 36043644, 36045962]
['chalermthai', '13:10', '13:20', 36046113, 36038195, 36041666, 36046281]
['family', '13:10', '13:20', 36045830, 36044773, 36045018, 36046189, 36046177, 36036359, 36046033, 36046283, 36041432, 36046245]
['home', '13:10', '13:20', 36042674, 35762008, 36040128, 36044405, 36042995, 36035174, 31571608, 36045897, 36046239, 36046235, 36035562, 36034095, 36042782, 36043711, 36042569, 36031468]
['siliconvalley', '13:10', '13:20', 36046236, 36046292, 35762008, 36044445, 36044405, 36046296, 36046293, 36041320, 36045664, 36046288, 36046287, 36046286, 36046235, 36043463]
['beauty', '13:10', '13:20', 36044151, 36046189, 31830505, 36044155, 36046275, 36046272, 36045878]
['writer', '13:10', '13:20', 36046226]
['blueplanet', '13:10', '13:20', 36046081, 36046266, 36046126, 36046230, 36042777, 36045830, 36046294, 36045993, 36045506, 36045017, 36044779, 36042828, 36044818, 35933067, 36046010, 36046276, 36039189, 36046279, 36025710, 36021642, 36046231, 36046269, 36046141, 36045700]
['tvshow', '13:10', '13:20', 36044923, 36022011, 36038811, 36044169, 36046299, 36042530, 36045777, 36044965, 36046140, 36046063, 36039189, 36046089, 36020939, 36044858]
['bangrak', '13:10', '13:20', 36046152, 36046300, 36045685, 36039789, 36043107, 36045085, 36045912, 36046133, 36046177, 36044246, 36046277, 36041541, 36045455, 36043537, 36044564, 36046027, 36046285, 36046205, 36041432, 36023833, 36046210, 36045169, 36045061, 36046270, 36044582, 36046245]
['horoscope', '13:10', '13:20', 34180997, 36045394, 36044803, 36046133, 36043927, 36044224, 36046267, 36035562, 36036872]
['pantip', '13:10', '13:20']
['region', '13:10', '13:20', 36046081, 36046230, 36044446, 36044803, 36025710, 36046103, 36046141, 36044901]
['mbk', '13:10', '13:20', 36046031, 36046301, 36044445, 36045084, 36046137, 36046291, 36040773, 36037498, 36046274, 36046256, 36041131, 31210318, 33785179, 36046203, 36045680, 36045878, 31406223, 36040860, 36046183]
['all', '13:10', '13:20', 36046031, 36046152, 36045469, 32359987, 36044923, 36046081, 36044652, 36046300, 36046266, 36046236, 36022011, 36046157, 36046126, 36046301, 36046230, 36045285, 34180997, 36038811, 36046295, 36043699, 36044169, 36046292, 36044151, 36046113, 35944883, 36045904, 36045445, 36045885, 36042777, 36045685, 36039789, 36042674, 36045116, 36045746, 36045394, 36045453, 36044446, 35762008, 36040128, 36044445, 36044405, 36045784, 36044631, 36046299, 36046298, 36046297, 36045830, 36044803, 35933916, 36046296, 36045796, 36044773, 36043107, 36042530, 36046243, 36045018, 36045085, 36044201, 36045084, 36045547, 36046294, 36046189, 36046290, 36045155, 36045912, 36046133, 36045777, 36046177, 36036359, 36045717, 36042995, 36035174, 36045993, 36038195, 36045923, 36046293, 36045646, 36041666, 36044246, 36045943, 36045506, 36033348, 36046047, 36046137, 36046277, 36045017, 36046252, 36046291, 36046033, 36040773, 36044779, 36042634, 36041320, 36046264, 36041541, 36045664, 36037498, 36046220, 31571608, 36045455, 36045976, 36046274, 36046289, 36043973, 36045897, 36045316, 36045305, 36046246, 36043537, 36046259, 36042828, 36043927, 36046288, 36045905, 36046114, 36046256, 36046239, 36044564, 36044224, 36044965, 36046071, 31830505, 36046140, 36046286, 36046287, 36046027, 36046161, 36044088, 36046111, 36046285, 36043644, 36046235, 36045963, 36041468, 36045970, 36044818, 36046284, 36046190, 36046283, 36046205, 36046226, 35933067, 36046096, 35882635, 36046234, 36046142, 36045496, 36044482, 36046267, 36046282, 36041131, 36046063, 32036009, 31210318, 36046163, 36045758, 36046164, 36044155, 36046010, 30984761, 36044493, 36046276, 36045911, 36046281, 36041432, 36046241, 33785179, 36043463, 36046280, 35976623, 36039189, 36045962, 36046083, 36043933, 36023833, 36046210, 36046279, 36046144, 36046278, 36035562, 36046123, 36046262, 36045644, 36025710, 36034095, 31376829, 36046089, 36046275, 36042782, 36045611, 36021642, 36042467, 36045331, 36045853, 36046203, 36045169, 36046273, 36045061, 36045779, 36020939, 36046103, 36045829, 36046214, 36046272, 36045772, 36046082, 36043711, 36040771, 36045809, 36045680, 36036872, 36046102, 36046231, 36046271, 36046092, 36042569, 36045802, 36046270, 36044858, 36044582, 36046062, 36046269, 36045878, 36046141, 36046156, 31406223, 36040860, 36043855, 36046245, 36045546, 36031468, 36044901, 36046183, 36044635, 36045700, 36040502, 36045107, 36046268]
['ratchada', '13:10', '13:20', 32359987, 36045285, 35944883, 36045904, 36042777, 36044446, 36045717, 36045993, 36033348, 36046111, 36041468, 35882635, 35976623, 36045644, 36045331, 36045809]
['rajdumnern', '13:10', '13:20', 36046157, 36045746, 35933916, 36046164, 36045911, 36046262, 36043855]
['isolate', '13:10', '13:20', 36046298, 36046297, 36046123, 36046268]
['social', '13:10', '13:20', 36046157, 36046301, 36045885, 35762008, 36046296, 36046177, 36036359, 36045506, 36046252, 36045976, 36045897, 36046246, 36043927, 36046239, 36045963, 36046283, 36045758, 36043463, 36039189, 36045829, 36046272, 36046102, 36046062]
['religious', '13:10', '13:20', 36045885, 36045496, 32036009, 36046083, 36040771, 36046062]
['supachalasai', '13:10', '13:20', 36043699, 36045116, 36045646, 36045943, 36042634, 36046220, 36043973, 36046114, 36046161, 36044088, 36046284, 35882635, 36046163, 36044493, 36046144, 36046275, 36045809, 36046092, 36045878, 36045107]
['siam', '13:10', '13:20', 36046152, 36045469, 36046300, 36045796, 36043107, 36045912, 36044246, 36046277, 36046291, 36046289, 36046246, 36044482, 36046282, 30984761, 36046280, 36023833, 36046210, 36046278, 36045169, 36046272, 36036872, 36031468, 36044901]
['lumpini', '13:10', '13:20', 36045445, 36044631, 36045923, 36046033, 36045976, 36043973, 36046190, 36046283, 36045758, 36044155, 36046275, 36042467, 36045878]
['sinthorn', '13:10', '13:20', 36046031, 36044652, 36042674, 36045453, 36046243, 36046290, 36042995, 36046246, 36046259, 36046142, 36045758, 36045611, 36045779, 36046082, 36045802, 36045546, 36045700]
['silom', '13:10', '13:20', 36046031, 36045453, 36044246, 36045506, 36045316, 36046190, 36046142, 36039189, 36046103, 36040502]
['wahkor', '13:10', '13:20', 36045116, 36044201, 36045976, 36045305, 36046287, 36046273, 36046214, 36045772]
['library', '13:10', '13:20', 36045469, 36045453, 36045784, 36045796, 36044201, 36042634, 36045305, 36046226, 36046063, 36046278, 36045644, 36046062, 36044635]
['art', '13:10', '13:20', 36031468]
