['food', '16:30', '16:40', 36046806, 36044319, 36044788, 36040752, 36045610, 36040265, 36046833, 36046711, 36045710, 36038937, 36046607, 36045939]
['greenzone', '16:30', '16:40']
['camera', '16:30', '16:40', 36041924, 36039599, 36046549, 35443012, 36038447, 36044979]
['cartoon', '16:30', '16:40', 36046847, 36043199, 36045006, 36046872, 36045883, 36044221, 36046047, 36046588, 36020802, 36045208]
['gallery', '16:30', '16:40', 36046679, 36041924]
['klaibann', '16:30', '16:40', 36046479, 36046634, 36046228, 36044150, 34963395, 36045857, 36044325, 36046725, 36046315, 36046801]
['jatujak', '16:30', '16:40', 36045333, 36046597, 36035398, 36046833, 36046711, 36038536, 36038893, 36046852]
['chalermkrung', '16:30', '16:40', 36045518, 36046813, 36046853, 36046763, 36045978, 36043665, 36046312]
['chalermthai', '16:30', '16:40', 36039143, 36041666, 36046624, 36043665, 36045208]
['family', '16:30', '16:40', 36046776, 36041432, 36044080, 36046857, 36046773, 36044788, 36045671, 36041608, 36045018, 36046845, 36046460, 36046582, 36046607]
['home', '16:30', '16:40', 36046780, 36045990, 36046066, 36046287, 36046840, 36039599, 36042512, 36040079, 36035398, 36046235, 30423245, 30975970, 32050769]
['siliconvalley', '16:30', '16:40', 36046780, 36046580, 36046790, 31928162, 36045560, 36044090, 36046709, 36046235, 34975785, 36046859, 36046286, 36046409, 36046491, 36046610, 36046543, 36046087]
['beauty', '16:30', '16:40', 36044151, 36046670, 36044403, 36045222, 36046537, 36041500, 36044457, 36046750, 36044018, 36045470, 36027955, 36042519, 36046801]
['writer', '16:30', '16:40']
['blueplanet', '16:30', '16:40', 36043803, 36042868, 36043458, 36046679, 36041924, 36045700, 35993469, 36046634, 36046755, 35802810, 36046141, 36044150, 36046222, 36039661, 36046809, 36043269, 36045710, 36046506, 32149225, 36046656, 36046725, 36046508, 36046315, 36046801]
['tvshow', '16:30', '16:40', 36045044, 36038811, 36046853, 36046405, 36046770, 36046865, 36046016, 36044719, 36046619, 36044965, 36046569, 36046724, 36046219, 35989216, 36045166, 36046555, 35913321, 36046089, 36046819]
['bangrak', '16:30', '16:40', 36041432, 36040797, 36026679, 36046870, 36046602, 36046869, 36043107, 36046868, 36046773, 36044684, 36046807, 36046861, 36026256, 36045671, 36041608, 35695786, 36023833, 36046750, 36046460, 36044792, 36046751, 36040974]
['horoscope', '16:30', '16:40', 36046413, 36046802, 36043915, 36044224, 36046340]
['pantip', '16:30', '16:40', 36046405]
['region', '16:30', '16:40', 36044446, 36046141, 34646793, 36043269, 36046454]
['mbk', '16:30', '16:40', 33146303, 36046874, 36046864, 36046863, 36046559, 36046356, 36046789, 36046860, 36046690, 36046825, 36045641, 36046165, 36045821, 36046854, 36046716]
['all', '16:30', '16:40', 36046812, 36046727, 36046776, 36046611, 36046780, 36046302, 36043803, 36044151, 36046847, 33146303, 36045789, 36041432, 36039571, 36046839, 36043199, 36046580, 36045990, 36046874, 36042868, 36046066, 36043583, 36046795, 36043458, 36046679, 36046623, 36035934, 36046790, 36026468, 36039143, 36045746, 36045006, 36043962, 36045518, 36041666, 36044080, 36046873, 36046479, 36046857, 36046163, 36040797, 36042377, 36026679, 36046872, 36045305, 31928162, 36046287, 36046871, 36046870, 36044584, 36046813, 36045333, 36046827, 36041924, 36045560, 36045044, 36046602, 36046009, 36046840, 36045700, 36046869, 36043107, 36041356, 35993469, 36046843, 36039599, 36046634, 36038811, 36044446, 36046633, 36046773, 36046868, 36042512, 36046806, 36046405, 36046624, 36046763, 36045911, 36046413, 36046867, 36046755, 36044090, 36046866, 36046681, 36046513, 36044684, 36046466, 36046709, 36046802, 36046770, 36045883, 36046830, 36046367, 36046597, 36043915, 36046670, 36046865, 36046807, 36040079, 36046864, 36042493, 36046863, 36046811, 36044319, 36045978, 36046228, 36046016, 36045385, 35802810, 36046559, 36046356, 36044403, 36046635, 36035398, 36046789, 32985656, 36046861, 36046862, 36045035, 36044788, 36045920, 36043665, 36046141, 36046235, 36046564, 36026256, 36044221, 36044150, 34975785, 34963395, 36045222, 36045671, 36045857, 36046537, 36046222, 36046848, 36040752, 36045610, 36044224, 36044719, 34646793, 36040265, 36046531, 36042623, 36041608, 36046860, 36026969, 36046833, 36046859, 35695786, 30423245, 36046047, 36046858, 36044652, 36045018, 36046846, 36046711, 36045682, 36046549, 30975970, 36046845, 36046286, 36046690, 36045776, 36044432, 36046825, 36043027, 36041500, 32050769, 36045641, 34677941, 36046710, 36046165, 36046619, 36046164, 36039661, 35899705, 36023833, 36044965, 36046856, 36038536, 36045821, 36046677, 36046359, 36046809, 36043269, 34520704, 36045710, 36044457, 36046569, 36046750, 36046409, 36046340, 36030003, 36046460, 35996982, 36046454, 36046743, 36044792, 36046724, 36044018, 36045470, 36045964, 36046219, 36046751, 36046491, 36046854, 36045445, 36038937, 35989216, 36045166, 36046610, 36046555, 36046716, 36046506, 36009603, 36046543, 32149225, 36046459, 36046582, 36046125, 36045371, 36046805, 35443012, 36043486, 36044245, 36046772, 36046656, 36045517, 36045759, 35913321, 36044325, 36046649, 36046087, 36046725, 36027955, 36046788, 36046089, 36046588, 36045976, 36020802, 36046752, 36038447, 36042519, 36046607, 36045348, 36046262, 36046312, 36040974, 36045939, 36044979, 36044441, 36046768, 36038893, 36022392, 36046508, 36045208, 36046592, 36046852, 36046315, 36046642, 36046801, 36046819]
['ratchada', '16:30', '16:40', 36046812, 36046611, 36046302, 36042377, 36046009, 36044446, 36046634, 36045920, 36043665, 36042623, 34677941, 36046359, 36046656, 36046649, 36046788]
['rajdumnern', '16:30', '16:40', 36045746, 36046873, 36046843, 36045911, 36046164, 36046262, 36046768]
['isolate', '16:30', '16:40', 36044584, 36046635, 36046862, 36045776]
['social', '16:30', '16:40', 36046611, 36046580, 36045518, 36046870, 36046869, 36042493, 36046789, 36045035, 36040752, 36026969, 35695786, 36046858, 36043027, 35996982, 36009603, 36046582, 36044325, 36045976]
['religious', '16:30', '16:40', 36045789, 36046795, 36035934, 36043962, 36043915, 36046811, 36039661, 36022392]
['supachalasai', '16:30', '16:40', 36046727, 36043583, 36046163, 36042377, 36046466, 36046367, 36046564, 35899705, 36045759, 36046819]
['siam', '16:30', '16:40', 36040797, 36046870, 36046602, 36043107, 36046773, 36046802, 32985656, 36046861, 36045035, 36026256, 36041608, 35695786, 36023833, 36046750, 36046743, 36044792, 36046751, 36046582, 36045371, 36044245, 36040974]
['lumpini', '16:30', '16:40', 36046857, 36046367, 36045385, 36044403, 36046848, 36045445, 36045976, 36042519, 36022392]
['sinthorn', '16:30', '16:40', 36039571, 36046839, 36046066, 36046623, 36046871, 36046827, 36046840, 36045700, 36041356, 36046866, 36046681, 36046513, 36046830, 36040079, 34646793, 36044652, 36046846, 36044432, 36046856, 36045821, 36046677, 34520704, 36045964, 36046459, 36046125, 36046805, 36046772, 36045517, 36046752, 36045348, 36044441, 36046592, 36046315, 36046642]
['silom', '16:30', '16:40', 36045518, 31928162, 36041356, 36046868, 36046681, 36042493, 36026969, 36046833, 36046743, 36046592, 36046852]
['wahkor', '16:30', '16:40', 36026468, 36045305, 36046287, 36042512, 36046802, 36045385, 36046848, 36046711, 36045682, 36046710, 36030003, 36043486, 36045976]
['library', '16:30', '16:40', 36026468, 36045305, 36046867, 36046743]
['art', '16:30', '16:40', 36046531, 36020802]
