['food', '22:30', '22:40', 36045451, 36044196, 36047253, 36021651, 36044581, 36048078, 36046833, 36048170, 36043933, 36047161, 36046783, 36044788, 36042474]
['greenzone', '22:30', '22:40']
['camera', '22:30', '22:40', 36047925, 36047917, 36048094, 36047121, 36048158]
['cartoon', '22:30', '22:40', 36048151, 36048063, 36047854, 36046020]
['gallery', '22:30', '22:40', 36047925, 36047917, 36046679, 36046126, 36046885]
['klaibann', '22:30', '22:40', 36046567, 33796483, 36040051, 36048173, 36047782, 36045823, 36047252, 36045934]
['jatujak', '22:30', '22:40', 36045333, 36048075, 36046833, 36048172, 36045580, 36048159, 36046800]
['chalermkrung', '22:30', '22:40', 36047569, 36048136, 36025958, 36048062, 36041481, 36047991, 36045658, 36047440, 36048080, 36048177, 36048138, 36047818, 36048174, 36048171, 36047167, 36047561]
['chalermthai', '22:30', '22:40', 36048140, 36048004, 36025958, 35981144, 36047894]
['family', '22:30', '22:40', 36042069, 36044080, 36044038, 36047401, 36043680, 36047549, 36046189, 36040051, 36047217, 36047976, 36046776, 36048104, 36047739, 36044788]
['home', '22:30', '22:40', 36048078, 34754134, 36048172, 35113800, 36044185]
['siliconvalley', '22:30', '22:40', 36046992, 36047451, 36040385, 36047841, 36048039, 36047647, 36037174, 36039046, 36048115, 36047510, 36048094, 36047636, 35113800, 36043439, 36047171, 36047986]
['beauty', '22:30', '22:40', 36048186, 36048188, 36045222, 36047549, 36047217, 32915180, 36047281, 36048063, 31164396, 36048162, 36045470, 36047110, 36048157, 30909442, 36042817]
['writer', '22:30', '22:40', 36047922]
['blueplanet', '22:30', '22:40', 36048161, 36046567, 36044769, 36047925, 36044196, 36047233, 36043293, 36043458, 36048053, 33796483, 36047917, 36045941, 36048173, 36045726, 36047782, 33872004, 36047923, 36021642, 36045489, 36046679, 36046126, 36048018, 36046885, 36042777, 36039204, 36043803, 36045934]
['tvshow', '22:30', '22:40', 36047845, 36048176, 36048140, 36048147, 35917459, 36047442, 36025958, 36048167, 36047957, 36045658, 36047435, 36045044, 36040354, 36047377, 36041851, 36047674, 36047922, 35319678, 36046016, 35989216, 36047462, 36044936, 36048096, 36042817, 36042028]
['bangrak', '22:30', '22:40', 36048137, 36034799, 36038377, 36048052, 36048135, 36044038, 36047401, 36048169, 36048181, 36047890, 36048142, 36048179, 36048149, 36048178, 36047838, 36031582, 36047239, 36045376, 36047576, 36048164, 36046869, 36047161, 36047506, 36048160, 36048109, 36031277, 36043942, 36048155, 36048153, 35794182]
['horoscope', '22:30', '22:40', 36048100, 36047364, 36047983, 36040278, 36043680, 36047394, 36034393, 36047639, 36032968]
['pantip', '22:30', '22:40', 36048139, 36047462]
['region', '22:30', '22:40', 36044196, 36047917]
['mbk', '22:30', '22:40', 36048189, 36047183, 36047822, 36047624, 36048185, 36047774, 36046153, 36047714, 36044552, 34967169, 36048039, 36047647, 36043852, 36047419, 36044673, 36045070, 36039836, 36046090, 36048120, 36048048, 35147005, 36047802]
['all', '22:30', '22:40', 36048161, 36047845, 36048129, 36048186, 36046992, 36048137, 36048100, 36048176, 36048140, 36034799, 36048188, 36047817, 36048189, 36040771, 36046486, 36046567, 36042069, 36047569, 36038377, 36044080, 36047183, 36048052, 36047822, 36048135, 36044038, 36048187, 36047364, 36045451, 36044769, 36039228, 36048136, 36047624, 36048147, 35917459, 36047983, 36047925, 36048004, 36047401, 36048185, 36048184, 36047451, 36047442, 36044196, 36045222, 36040385, 36047774, 36045333, 36040278, 36048183, 36047521, 36025958, 36048087, 36048062, 36047233, 36043293, 36047253, 36048169, 36048139, 36048167, 36041481, 36043458, 36047957, 36048182, 36043680, 36046153, 36048181, 36047999, 36048053, 36047991, 36047312, 36047841, 36047777, 36045658, 36047435, 36048180, 36047656, 36047549, 36045044, 36047714, 36047672, 36045008, 36047440, 36048086, 33796483, 36047890, 35981144, 36047394, 36044552, 36048080, 36047960, 34967169, 36040354, 36045520, 36048132, 36048039, 36047647, 36048085, 36047377, 36048142, 36048179, 36048149, 36021651, 36043852, 36048141, 36044581, 36048075, 36047806, 36047419, 36046189, 36048178, 36037174, 36047635, 36047947, 36048177, 36040051, 36047838, 36048078, 36031582, 36046833, 36048138, 36039046, 36047917, 36047577, 36047217, 36034393, 36048175, 36047818, 36044673, 36047952, 36048115, 36048054, 36047835, 36047835, 36048110, 34754134, 32915180, 36048174, 36045941, 36048173, 36044283, 36047126, 36047820, 36047639, 36048172, 36045726, 36047510, 36047281, 36048171, 36041851, 36040646, 36047239, 36044121, 36046248, 36048151, 36048063, 36048170, 36043756, 36045070, 36047674, 36047782, 36047922, 36047320, 36048168, 36048166, 36047894, 36039836, 33872004, 36047923, 36021642, 36047223, 36047834, 35950975, 36047167, 36047458, 36045376, 36046090, 36048094, 36047576, 31164396, 36048165, 36045489, 36048068, 36048164, 36046679, 36046869, 35319678, 36044548, 36043933, 36048163, 36048162, 36048066, 36046126, 36047636, 36048120, 36046016, 35930536, 36045842, 36047932, 36032968, 36047928, 36048012, 36047161, 36047976, 36046776, 36048104, 36044652, 35113800, 36047506, 36048160, 30965047, 35989216, 36047121, 36035622, 36045470, 36047110, 36045580, 36047561, 36043439, 36046783, 36048109, 36047171, 36012116, 36048159, 36048018, 36047905, 36048152, 36048060, 36047008, 36045348, 36048158, 36047926, 36031277, 36044185, 36045759, 36046800, 36045823, 36046885, 36043942, 36048157, 36047691, 36047462, 36048048, 30909442, 36046633, 36047854, 36048156, 36047739, 36048155, 35147005, 36044936, 36048096, 36044788, 36048154, 36048153, 36047087, 36047802, 36048000, 35794182, 36042817, 36047986, 36042777, 36047252, 36045758, 36042474, 36039204, 36048150, 36043803, 36046020, 36042028, 36045934]
['ratchada', '22:30', '22:40', 36047817, 36044038, 36039228, 36047925, 36047521, 36045008, 36048141, 36047635, 36048175, 36047952, 36040646, 36047923, 36048156, 36044936, 36047087, 36048000, 36042777]
['rajdumnern', '22:30', '22:40', 36048087, 36047312, 36048132, 36047806, 36047223, 36048012]
['isolate', '22:30', '22:40', 36048180, 36047835, 36047835, 36046248, 36048165, 35930536, 36047928, 36047926, 36048154, 36048150]
['social', '22:30', '22:40', 36044196, 36047233, 36047253, 36047714, 36044552, 36047635, 36040051, 36048063, 36043756, 36047782, 36046869, 36035622, 36047905, 36048060, 36043942, 36047739, 36047087, 36048000, 36045758]
['religious', '22:30', '22:40', 36040771, 36047983, 36047999, 36044283, 36048152, 36047008]
['supachalasai', '22:30', '22:40', 36048184, 36047777, 36048086, 36048141, 36048054, 36048110, 36047820, 36048166, 36047458, 36045842, 36045759, 36046633]
['siam', '22:30', '22:40', 36048161, 36048137, 36034799, 36048052, 36045451, 36048183, 36048169, 36048182, 36048181, 36047549, 36047890, 36048178, 36047838, 36031582, 36047577, 36047239, 36043756, 35950975, 36045376, 36047576, 36048068, 36048066, 36032968, 36047506, 36048160, 30965047, 36048109, 36031277, 36043942, 30909442, 36047739, 36048153, 35794182]
['lumpini', '22:30', '22:40', 36048188, 36048183, 36047549, 36044581, 36048075, 36047217, 32915180, 36047820, 36047281, 36044121, 36035622, 36047110, 36047252, 36045758]
['sinthorn', '22:30', '22:40', 36048129, 36048187, 36048183, 36047656, 36047672, 36045520, 36048132, 36047647, 36048085, 36047947, 34754134, 36047126, 36048168, 36047834, 36048163, 36047932, 36044652, 36035622, 36012116, 36047905, 36045348, 36045823, 36047691, 36045758]
['silom', '22:30', '22:40', 36048129, 36046992, 36045451, 36048132, 36037174, 36046833, 36044548, 36048159, 36047905, 36048060, 36045823]
['wahkor', '22:30', '22:40', 36046486, 36047549, 36045580, 36047110, 36047252]
['library', '22:30', '22:40', 36048161, 36048129, 36046486, 36048183, 36047960, 36047922, 36047320, 35319678]
['art', '22:30', '22:40', 31164396, 30965047, 30909442]
