['food', '17:00', '17:10', 36044588, 34004150, 36015372, 36044788, 36031927, 36039757, 36046833, 36046711, 36032921, 36046959, 32680771, 36029123, 36046607, 36046829, 36046912, 36022387]
['greenzone', '17:00', '17:10', 36034506]
['camera', '17:00', '17:10', 36040608, 36046234, 36044979]
['cartoon', '17:00', '17:10', 36042590]
['gallery', '17:00', '17:10', 36046966, 36040608, 36036478]
['klaibann', '17:00', '17:10', 36044588, 36045940, 36046829, 36046725, 36046949]
['jatujak', '17:00', '17:10', 36046777, 36045930, 36023651, 36046968, 36045333, 36046833, 36046711, 36046764, 36039896, 36034506, 36046800, 36046577]
['chalermkrung', '17:00', '17:10', 36046962, 36046410, 36046254, 36015372, 36046515, 36046071, 36046813, 36045220, 36043061, 36046853, 36046574, 36046923, 34825215]
['chalermthai', '17:00', '17:10', 36044335, 36015372, 36046281, 36044658, 36046307, 36045229]
['family', '17:00', '17:10', 36046966, 36044080, 36015372, 36046902, 36046760, 36041432, 36044788, 36046969, 36046845, 36041608, 36046963, 36046773, 36045018, 36046245, 36046607, 36044943, 36043605, 36046857]
['home', '17:00', '17:10', 36045930, 36041692, 36041910, 36046924, 36046803, 35226695, 36046235, 36044185, 36044154, 36034506]
['siliconvalley', '17:00', '17:10', 36046441, 36034596, 36042585, 36045720, 36045794, 36045812, 36045817, 36046960, 36045835, 36046803, 36044092, 36044098, 36036634, 36046235, 35169051, 36043849, 36046580, 36046944]
['beauty', '17:00', '17:10', 36046750, 36044155, 36045222, 36036257, 30403965, 36026379, 36036466, 36026055, 35734856]
['writer', '17:00', '17:10', 36045319, 36044699, 36044670]
['blueplanet', '17:00', '17:10', 36046966, 36045700, 36044818, 36046809, 36045425, 36046824, 36036478, 36046422, 36046222, 36046481, 36046894, 36046725, 36039189, 36028939, 36046905, 36042777, 36046937]
['tvshow', '17:00', '17:10', 36045321, 36046948, 36015372, 36040354, 36046953, 36045044, 36045220, 36045306, 36046853, 36046770, 35913321, 36041337, 36046819, 36046354, 36044965, 36046936, 36039189, 36046403, 36042028, 36046865, 35989216, 36046625, 36046647]
['bangrak', '17:00', '17:10', 36046139, 36046750, 36045940, 36046760, 36041432, 36046961, 36046035, 36046721, 36041608, 36046963, 36046541, 36046773, 36042303, 36046955, 36046785, 36046945, 36046245, 36046932, 36045045, 36043942, 36045862, 36046841, 35283343, 36046751, 36046870, 36046943]
['horoscope', '17:00', '17:10', 36046891, 36046413, 36046340, 36040278, 36044224, 36043544, 35127116, 35283343, 36042739, 36044107]
['pantip', '17:00', '17:10', 36046647]
['region', '17:00', '17:10', 36046958, 36046957, 36046937]
['mbk', '17:00', '17:10', 36046941, 36043980, 36045443, 36046950, 36046967, 36046864, 36046874, 36045720, 36042148, 36041894, 36032288, 36046153, 36046954, 35169051, 36046559, 36046539, 36035607, 36046837]
['all', '17:00', '17:10', 36046962, 36045321, 36046765, 36045849, 36044335, 36046966, 36044588, 36046139, 36044080, 36046750, 36045646, 36045698, 36046812, 36046941, 36045940, 36046262, 36046669, 36046948, 34004150, 36046410, 36045700, 36046254, 36046684, 35147905, 36046956, 36046677, 36045348, 36031024, 36040608, 36042206, 36046777, 36046902, 36015372, 36046458, 36046830, 36046441, 36046918, 36046760, 36046062, 36043980, 36044155, 36046961, 36041432, 36045930, 36046515, 36044788, 36041692, 36046558, 36040354, 36045443, 36023651, 36046969, 36046628, 36046950, 36044171, 36034596, 36045842, 36046891, 36044462, 36046845, 36046035, 36046938, 36031927, 36046413, 36046967, 36046721, 36046953, 36042585, 36046864, 36046965, 32939836, 36046786, 36043902, 36041608, 36046874, 36046963, 36046541, 36046650, 36039757, 36045333, 36046773, 36044818, 36026969, 36046340, 36043414, 36046281, 36042303, 36045720, 36046964, 36045794, 36045222, 36044795, 36046547, 36045018, 36036257, 36046833, 36046809, 36046711, 36046946, 36040278, 36046955, 36045746, 36032921, 36045319, 36045812, 36045044, 36041356, 36046071, 30403965, 36042148, 36045817, 36046927, 36046813, 36046785, 36046945, 36046960, 36045835, 36045425, 36041910, 36046245, 36044658, 36026379, 36045220, 36041139, 36046924, 36046959, 32680771, 36046803, 36041894, 35226695, 36045306, 36044092, 36043061, 36043903, 36044816, 36029123, 36032288, 36046607, 36044699, 36046764, 36044098, 36044391, 36046234, 36042590, 36046538, 36044943, 36046932, 36046420, 36023568, 36046958, 36045045, 36045943, 36046153, 36046951, 36046957, 36046853, 36036634, 36046940, 36046824, 36021902, 36046811, 36036478, 36046649, 36046710, 36045964, 36046235, 36046770, 35913321, 36036466, 36044185, 36046681, 36046422, 36041337, 36043942, 36046819, 36046829, 36046466, 36044307, 36045167, 36046954, 36043605, 36045759, 36046933, 36046952, 36046222, 36041331, 36044224, 36045920, 36045862, 36039896, 36046354, 36046857, 35169051, 36043544, 36046481, 36046889, 36043849, 36045507, 36042988, 36046307, 36046580, 36044965, 36044154, 36040502, 36046894, 36046936, 36045716, 36034506, 36046800, 36046820, 35127116, 36046586, 36046858, 36046725, 36039189, 36044908, 36046949, 36046559, 36046539, 36046841, 36046403, 36042028, 36044764, 35283343, 36043610, 36046843, 36045772, 36046751, 36046574, 36046934, 36046513, 36041453, 36046912, 36022387, 36044809, 36046939, 36046923, 36046865, 36042739, 36046577, 36026055, 35734856, 35989216, 36045229, 36046905, 36028939, 36044107, 36046870, 36044121, 36046943, 36035607, 36046871, 36046781, 36046625, 36042777, 36044670, 34825215, 36046937, 36046652, 36042902, 36044979, 35996982, 36046647, 36046408, 36038908, 36046873, 36046837]
['ratchada', '17:00', '17:10', 36046812, 36042206, 36046547, 36021902, 36046649, 36046933, 36045920, 36043544, 36045507, 36046820, 36044764, 36043610, 36046781, 36042777]
['rajdumnern', '17:00', '17:10', 36045698, 36046262, 36046684, 36046628, 36046938, 36046650, 36045746, 36046949, 36046843, 36046408, 36046873]
['isolate', '17:00', '17:10', 36023568, 36045167, 36042988]
['social', '17:00', '17:10', 36046941, 36046902, 36046062, 36046628, 36044171, 36031927, 32939836, 36026969, 36045720, 36041139, 36046959, 36046932, 36036634, 36043942, 36046952, 36041331, 36043849, 36045507, 36046580, 36046894, 36046820, 36046586, 36046858, 36039189, 36046870, 36046943, 35996982]
['religious', '17:00', '17:10', 36046062, 36041139, 36046811]
['supachalasai', '17:00', '17:10', 36045646, 36046669, 36046558, 36045842, 36043414, 36044795, 36046538, 36046420, 36045943, 36046957, 36046819, 36046466, 36045759, 36038908]
['siam', '17:00', '17:10', 36046765, 36046750, 36031024, 36046961, 36044171, 36044462, 36046721, 36043902, 36041608, 36046963, 36046773, 36042303, 36046932, 36043942, 36045862, 36046841, 36046751, 36046870]
['lumpini', '17:00', '17:10', 36046777, 36046902, 36044155, 36046969, 36044795, 36044816, 36029123, 36046538, 36046829, 36046857, 36046586, 36044908, 36044121]
['sinthorn', '17:00', '17:10', 36045700, 36046956, 36046677, 36045348, 36046830, 36046918, 36031927, 32939836, 36046946, 36041356, 36046927, 36046924, 36043903, 36044391, 36046940, 36045964, 36046681, 36044307, 36041331, 36046889, 36044154, 36046934, 36046513, 36041453, 36044809, 36046939, 36046871, 36046652]
['silom', '17:00', '17:10', 36046765, 36045849, 35147905, 36046458, 36042585, 36046965, 32939836, 36046786, 36026969, 36046833, 36041356, 36045425, 36044391, 36046681, 36046952, 36041331, 36040502, 36045716, 36046586, 36039189]
['wahkor', '17:00', '17:10', 36045698, 36046441, 32939836, 36046711, 36032921, 36043061, 36046958, 36046710, 36046949, 36045772, 36042902]
['library', '17:00', '17:10', 36046765, 36015372, 36046062, 36034596, 36043902, 36046964, 36043061, 36044699, 36046951, 36045716, 36046949, 36044670]
['art', '17:00', '17:10', 36046307]
