['food', '19:30', '19:40', 36045451, 36046928, 36047098, 36047161, 36046829, 36045710, 36047094, 36044788, 36047026, 36047344]
['greenzone', '19:30', '19:40']
['camera', '19:30', '19:40', 36047336, 36047347, 36047437]
['cartoon', '19:30', '19:40', 36046588, 36046047, 36047261]
['gallery', '19:30', '19:40', 36030270]
['klaibann', '19:30', '19:40', 36046829, 36047415, 36044450, 36040051, 36047252]
['jatujak', '19:30', '19:40', 36044153, 36043368, 36047339, 36045674, 36047092, 34845640, 36047070]
['chalermkrung', '19:30', '19:40', 36047242, 36047167, 36046702, 36044892, 36047120, 36047337, 36044968, 36047178, 36047450, 36047387, 36046853, 36046962, 36047245, 36047440, 36047436, 34845640]
['chalermthai', '19:30', '19:40', 36047022, 36043368]
['family', '19:30', '19:40', 36047466, 36041432, 36041608, 36044038, 36044788, 36047401, 36045018, 34789597, 36040051, 36046177]
['home', '19:30', '19:40', 36047200, 36046066, 36047463, 36046840, 36047461, 34015273, 36030270, 36041839, 36047425, 36040181, 36047092, 31000979, 36047070, 36047434]
['siliconvalley', '19:30', '19:40', 36047200, 36047427, 36046534, 36047325, 36033140, 36047451, 36047189, 36047456, 36047315, 36042025, 36047391, 36047417, 36046296, 36046441, 36046447, 30694914, 36047261, 36046996]
['beauty', '19:30', '19:40', 36047110, 36044159, 36045222, 31146887, 36033653, 36047203, 36044151, 31848373, 36047370, 36047443]
['writer', '19:30', '19:40']
['blueplanet', '19:30', '19:40', 36047468, 35500350, 36047460, 36042777, 36045710, 35500361, 36047453, 35444643, 36047327, 36045700, 36036546, 36046696, 36044818, 36046905, 36047026, 36044450, 36047385]
['tvshow', '19:30', '19:40', 36047424, 36047469, 36047442, 36044936, 36047435, 36045922, 36047213, 36047120, 36047444, 36047404, 36047462, 36045881, 36047022, 36046995, 36042561, 36046853, 36046016, 36047447, 36047091, 36028796, 36047128, 36047383, 36047229, 36047409, 35967733, 36047433, 36047154, 36047275, 34845640, 36047105]
['bangrak', '19:30', '19:40', 36047465, 36047454, 36041432, 36041608, 36047161, 36046897, 36045862, 36041541, 36047407, 36047400, 36044038, 36046945, 36031755, 36022267, 36047448, 36047401, 36046870, 36045459, 36047415, 36047317, 36047393, 36046177]
['horoscope', '19:30', '19:40', 36047196, 36046891, 36047407, 36046340, 36043521, 36036872, 34845640, 36047434]
['pantip', '19:30', '19:40', 36047462, 36044968, 36046995, 36047429, 36047229]
['region', '19:30', '19:40', 36046957, 35500350, 36047460, 36047457, 35500361, 35444643, 36047327, 35803372, 31000979]
['mbk', '19:30', '19:40', 36047080, 36046153, 36046864, 36047452, 33425878, 36047388, 36047373, 36046941, 36047374, 36046332, 36047426, 36046789, 36046892, 36047360]
['all', '19:30', '19:40', 36047196, 36047472, 36047200, 36047201, 36047427, 36047471, 36046534, 36047132, 36047470, 36047336, 36046066, 36047424, 36047468, 36047469, 36046891, 36047467, 36047054, 36045944, 36047242, 36047466, 36047465, 36047442, 36046957, 36046040, 36047080, 36044936, 36047167, 36047184, 36047454, 36046702, 36047395, 36046772, 36047325, 36047110, 36041356, 36047435, 36046153, 36047284, 36045922, 36041432, 36045451, 36044892, 36047464, 36047213, 36043358, 36047463, 36045530, 36047104, 36047458, 36041608, 36047332, 36047449, 36046928, 36044153, 36047120, 36047444, 36046840, 36045442, 36044159, 36047223, 35500350, 36047098, 36047161, 36047404, 36047462, 36047461, 36046897, 36047460, 36047314, 36047459, 36045222, 34015273, 36046689, 36047337, 36042777, 36046083, 36047457, 36047157, 31146887, 36047347, 36045862, 36046829, 36038908, 36045502, 36046994, 36033140, 36047451, 36047189, 36047456, 36047441, 36047455, 36041541, 36047087, 36045710, 36045531, 36044891, 36046864, 36047452, 33425878, 36044968, 36033653, 36047388, 36047437, 35500361, 36045881, 36047022, 36044283, 36047315, 36047094, 36047407, 36042025, 36046812, 36043368, 36046669, 36047178, 36045480, 36047400, 36047453, 32939836, 36047339, 36045371, 36044038, 36046995, 36046592, 30127979, 36045348, 36047357, 36042561, 35444643, 36047327, 36047450, 36046945, 36043373, 36047373, 36008027, 36031755, 36047391, 36022267, 36030270, 36047387, 36047244, 36046223, 36047417, 36045700, 36044788, 36045674, 36046296, 36047320, 36046752, 36008014, 36047203, 36046441, 36046853, 36036546, 36047305, 36046941, 36044151, 36047280, 36047374, 36047318, 36046696, 36047448, 36046340, 36046016, 36047401, 36046447, 36044818, 36045018, 36047447, 30694914, 36047446, 36046588, 36047445, 36046870, 36044121, 36047091, 31848373, 36047370, 35803372, 36045459, 34789597, 36046962, 36045999, 36046905, 36047415, 36047026, 36046047, 36047245, 36047429, 36028796, 36047342, 36047317, 36046914, 36043200, 36047128, 36044450, 36041839, 36040051, 36047383, 36046934, 36045974, 36047261, 36047252, 36046332, 36047443, 36047229, 36047421, 36047425, 36047426, 36046727, 36046815, 36045305, 36047172, 36047385, 36047440, 36047378, 36047262, 36047439, 36047409, 36047438, 35967733, 36046846, 36047044, 36040181, 36047344, 36046789, 36047433, 36046996, 36043521, 36038104, 36047154, 36047436, 36047092, 36047367, 36047393, 31000979, 36046377, 36047275, 36047040, 36036872, 36046839, 34845640, 36046892, 36047360, 36045943, 36040723, 36045646, 36046177, 36047070, 36047434, 36047105]
['ratchada', '19:30', '19:40', 36047132, 36044936, 36047184, 36047464, 36044153, 36045442, 36042777, 36045502, 36047087, 36046812, 36044038, 36046223, 36046815, 36047040, 36040723]
['rajdumnern', '19:30', '19:40', 36047223, 36047441, 36047357, 36047280, 36047044]
['isolate', '19:30', '19:40', 36047471, 36045944, 36047455, 36045480, 36045999]
['social', '19:30', '19:40', 36047054, 36047465, 36047104, 36047157, 36047087, 36045531, 36047407, 32939836, 30127979, 36047357, 36046223, 36045700, 36046296, 36047305, 36046941, 36047445, 36046870, 36047370, 34789597, 36047415, 36046914, 36040051, 36047426, 36046789, 36038104, 36047393, 36046177]
['religious', '19:30', '19:40', 36046040, 36046083, 36047457, 36045531, 36044283, 36047344]
['supachalasai', '19:30', '19:40', 36047201, 36047054, 36046957, 36047213, 36045530, 36047458, 36038908, 36046994, 36046669, 36008027, 36008014, 36047318, 36043200, 36046727, 36047172, 36047378, 36047367, 36045943, 36045646]
['siam', '19:30', '19:40', 36047470, 36047465, 36047454, 36047395, 36045451, 36047104, 36041608, 36047120, 36047459, 36045862, 36045531, 36044891, 36045371, 36031755, 36047448, 36047446, 36046870, 36047415, 36047317, 36047421, 36047393, 36036872]
['lumpini', '19:30', '19:40', 36047110, 36046829, 36033653, 36047407, 36043368, 36043373, 36044121, 36047370, 36047252, 36047040]
['sinthorn', '19:30', '19:40', 36047472, 36046066, 36047467, 36046772, 36041356, 36043358, 36047449, 36047332, 36046840, 36047461, 36047314, 36046689, 36047094, 32939836, 36047339, 36046592, 36045348, 36047327, 36030270, 36046752, 36047342, 36046934, 36047421, 36047438, 36046846, 36047044, 36046839]
['silom', '19:30', '19:40', 36047472, 36041356, 36047284, 36045451, 36047314, 36044891, 36047094, 32939836, 36046592, 36045974, 36046377]
['wahkor', '19:30', '19:40', 36047110, 36043368, 32939836, 36047244, 36046441, 31848373, 36047252, 36045305, 36047439]
['library', '19:30', '19:40', 36047470, 36047395, 36046995, 36030270, 36047320, 36047091, 36045305, 36047262]
['art', '19:30', '19:40', 35803372]
