2   1   2809   56   2   1   2   0   46   8   1   3
7   1   19639   287   5   5   0   8   31   7   2   3
6   1   6037   251   9   0   0   6   10   3   15   7
5   1   244   0   0   0   0   8   19   5   0   1
10   1   -1   147   33   19   0   7   10   3   34   1
6   1   5566   180   4   0   0   6   22   5   12   7
2   1   162   0   1   0   0   4   23   3   0   1
0   1   177   12   0   0   0   8   20   5   0   1
2   1   4013   65   3   2   2   0   34   7   2   3
3   1   -1   1075   16   0   0   0   17   2   139   1
0   1   238   3   0   0   0   8   18   5   0   1
3   1   -1   713   18   15   0   7   10   3   25   2
6   1   7011   299   9   0   0   6   22   5   15   7
6   1   17379   719   9   5   0   6   23   5   23   7
0   1   20540   395   0   0   0   0   23   3   0   1
-1   1   5928   -1   6   3   0   8   22   5   6   3
10   1   -1   500   27   0   0   7   13   3   72   3
0   1   34   0   0   0   0   0   14   2   0   1
6   1   6037   251   9   0   0   6   19   5   15   7
6   1   5423   180   10   0   0   6   25   6   9   7
4   1   452   7   1   0   0   6   13   3   1   1
3   1   761   0   2   1   0   9   11   3   2   1
3   1   -1   713   18   15   0   7   19   5   25   2
0   1   104   0   0   0   0   0   13   2   0   1
0   1   -1   116   0   0   0   0   19   3   0   1
1   1   1270   22   1   1   0   1   20   3   0   1
6   1   7288   239   9   0   0   6   23   5   27   7
1   1   667   7   2   0   2   6   28   7   2   2
0   1   34   0   0   0   0   0   15   2   0   1
2   1   4013   65   3   2   0   0   17   3   2   3
0   1   228   8   0   0   0   8   23   4   0   1
0   1   107   0   0   0   0   8   19   5   0   1
0   1   115   0   0   0   0   6   9   3   0   2
5   1   970   13   0   0   0   8   21   5   1   1
